5
3
2 5 1
6 1 4
4
1 2 3 4
7 7 7 7
500
350 471 404 326 425 280 205 370 428 178 33 15 199 354 354 421 422 107 458 110 129 313 190 72 288 493 80 481 117 423 184 480 230 471 176 385 472 176 21 289 52 201 298 378 438 401 142 285 266 15 74 407 493 288 358 264 323 187 161 401 492 377 123 292 9 124 448 7 356 144 471 307 326 59 60 393 154 15 166 344 284 65 388 95 176 29 423 321 115 364 488 480 441 218 156 177 161 102 140 276 259 438 198 129 404 289 354 315 164 334 256 280 81 93 136 20 123 95 492 163 231 416 39 309 129 38 102 49 81 5 284 237 394 78 472 45 226 56 408 112 451 152 324 30 71 297 385 367 167 158 396 0 39 447 243 165 197 331 0 4 309 325 351 443 283 151 369 226 147 88 446 147 299 29 467 112 152 224 417 213 193 355 86 119 409 445 229 298 169 389 417 172 363 195 475 139 267 256 189 182 180 404 437 301 107 386 352 120 476 406 27 134 366 120 80 469 446 156 230 116 277 235 326 230 43 210 166 457 268 468 0 475 127 458 57 377 121 460 463 345 448 303 160 304 273 376 53 287 227 397 200 497 395 320 487 241 55 347 23 33 240 234 114 348 10 128 41 102 163 440 255 358 216 151 87 203 386 341 387 146 66 473 101 473 125 286 59 368 378 83 216 227 405 163 174 409 308 250 119 45 405 141 477 344 194 226 122 435 398 270 57 360 120 17 182 472 219 447 193 432 483 471 385 449 191 179 290 234 317 270 34 402 129 223 414 431 235 385 475 127 120 342 150 37 456 335 268 398 184 454 187 316 212 426 429 408 298 65 197 255 252 201 427 449 185 267 217 477 403 274 211 172 33 179 151 402 181 27 296 92 43 38 244 182 39 303 443 395 390 58 6 266 54 452 278 384 410 14 248 335 237 23 333 274 277 236 208 352 245 445 171 151 399 461 52 273 330 98 391 2 196 273 445 469 39 412 307 146 33 439 219 434 175 120 119 187 20 168 479 322 124 438 239 483 47 412 169 380 395 318 466 319 403 116 411 363 98 374 319 67 441 267 130 18 77 191 475 433 297 367 321 147 358 488 253 121 4 349 17 485 10 107 192 456 424 77 273 10 146 274 175 39 107 259 17 310 244 194 352 295
189 389 332 492 198 331 125 168 302 280 199 314 294 236 2 97 156 228 360 475 178 240 69 21 440 101 399 61 123 385 152 481 409 127 332 96 152 147 260 157 347 127 123 430 133 429 30 234 205 322 111 213 216 138 154 73 136 176 19 253 332 307 6 258 282 367 251 477 411 309 333 386 328 117 246 319 294 473 439 7 100 242 464 294 298 235 113 438 90 42 168 346 499 178 119 235 191 88 346 453 280 112 137 395 346 82 227 121 414 493 444 212 486 315 199 9 298 378 378 407 99 339 392 217 14 133 100 392 22 409 433 275 34 123 303 331 159 446 474 143 452 495 329 162 262 6 341 303 110 278 123 104 137 331 324 462 436 329 331 376 2 168 227 403 144 377 48 246 298 208 275 102 433 348 290 275 77 63 143 189 84 285 33 476 219 287 86 212 451 465 333 308 3 240 405 26 160 146 347 148 349 424 111 415 104 450 422 364 138 47 382 141 183 270 339 344 332 211 95 220 182 176 349 111 281 106 100 134 378 455 137 268 290 43 7 442 159 358 307 88 240 453 3 13 460 51 411 166 213 5 488 57 104 139 476 50 79 265 31 131 225 383 235 414 71 379 51 326 483 194 129 242 93 242 115 220 252 151 18 92 237 324 170 307 49 383 99 13 450 290 353 153 189 76 1 14 182 259 445 135 413 168 431 230 288 490 375 223 312 454 166 137 487 288 329 374 184 286 229 271 470 53 113 109 275 276 166 351 357 349 305 219 384 146 276 125 142 292 386 142 465 52 173 211 219 111 96 396 121 343 205 115 124 499 48 206 92 483 95 302 184 247 343 14 144 57 353 430 351 155 372 229 245 147 124 296 460 271 299 55 410 287 242 148 137 442 133 309 76 199 262 56 406 197 110 218 106 421 221 453 237 165 250 55 78 118 430 435 422 86 158 105 247 399 65 362 369 218 455 263 423 362 445 186 155 350 181 299 8 412 351 222 139 312 376 389 369 461 107 248 262 410 318 106 290 31 414 437 223 36 78 401 183 397 404 51 140 481 339 493 397 472 419 171 286 94 159 440 255 6 71 56 263 470 5 24 248 187 477 79 194 305 456 463 398 75 341 13 54 179 248 205 377 319 91 445 193 203 414 453
1000
851 296 596 788 889 723 519 99 404 652 893 414 899 909 50 779 345 609 917 76 446 921 770 857 418 392 541 616 859 318 365 852 823 250 545 901 236 99 856 676 247 34 713 253 996 567 391 81 73 960 370 121 92 69 729 950 485 347 710 920 301 804 999 426 359 476 209 22 943 647 858 162 309 627 329 979 761 719 790 747 449 574 986 848 971 564 163 216 11 68 45 165 373 16 276 514 327 935 42 420 773 195 177 760 309 511 926 592 312 207 485 560 840 905 958 274 737 671 827 660 681 808 4 332 138 198 17 430 749 186 239 329 907 478 678 358 755 859 93 752 430 461 316 492 400 481 975 787 473 593 843 950 41 574 83 22 142 456 828 935 295 623 453 149 312 277 425 922 488 837 532 316 58 193 370 126 838 938 224 347 959 775 66 251 479 779 685 476 248 504 263 211 830 622 617 380 167 217 709 819 231 146 137 195 822 963 676 161 902 434 675 818 330 637 873 562 119 458 366 505 240 645 626 727 797 908 337 895 470 909 921 533 675 879 250 8 226 84 566 687 852 163 271 848 302 557 408 149 964 340 25 284 341 726 531 608 530 625 469 827 608 571 775 662 638 803 211 719 736 988 514 570 960 939 217 650 167 104 735 188 875 439 314 137 671 760 711 908 762 333 307 795 906 178 251 495 102 736 407 820 197 205 881 844 332 923 446 356 657 351 347 61 220 681 184 641 663 881 489 470 821 614 385 74 230 365 108 733 892 556 324 234 120 564 678 421 387 436 180 457 29 91 11 20 967 984 924 194 624 363 218 956 923 771 939 611 835 758 461 626 476 401 652 934 128 100 560 548 138 959 5 25 425 950 953 56 105 235 739 910 569 885 366 564 712 919 468 678 437 428 152 726 565 985 680 61 708 564 559 486 436 644 600 724 353 335 123 622 318 291 161 293 342 696 370 791 650 478 810 302 631 564 142 926 172 438 20 242 531 791 638 961 152 303 644 576 202 739 606 251 767 891 826 404 675 645 510 481 590 52 512 654 212 328 792 137 709 596 610 216 275 625 985 182 806 903 707 800 157 601 413 209 887 843 937 733 934 135 886 966 910 365 6 668 73 557 733 950 104 273 613 973 464 598 980 729 711 127 826 151 454 156 532 959 121 822 3 490 150 473 24 783 972 75 904 505 326 884 832 634 672 830 314 426 415 117 183 781 216 371 974 340 760 995 309 230 328 271 191 646 100 781 203 236 109 974 751 249 120 791 158 44 342 250 843 443 508 822 249 319 483 602 296 179 655 422 117 914 480 510 786 336 447 547 773 306 198 514 813 903 115 670 224 685 918 130 611 662 692 911 220 818 813 35 474 360 960 101 9 381 277 173 766 355 365 124 793 417 209 120 891 554 436 828 858 455 391 356 98 154 472 305 263 144 709 582 465 877 538 787 168 376 839 889 628 397 54 610 509 563 226 381 947 747 313 33 729 843 654 247 307 569 599 794 633 367 801 803 894 240 914 84 214 699 849 144 413 880 855 531 378 973 901 533 814 545 294 988 168 331 617 597 189 498 679 486 733 772 957 565 309 355 69 462 386 183 227 440 790 177 644 394 267 92 372 139 800 411 716 588 860 260 708 62 408 403 984 228 370 941 570 577 994 17 981 210 402 264 249 672 821 539 780 370 29 15 169 683 630 792 419 197 182 833 34 833 258 43 125 843 577 750 783 768 798 499 251 582 198 970 521 244 576 160 596 518 840 28 542 916 167 857 194 126 581 762 515 71 20 300 603 260 497 141 754 471 113 248 856 789 893 858 403 187 974 164 442 931 989 506 255 404 815 500 838 251 902 996 672 948 494 928 64 747 372 846 895 747 731 8 336 267 768 176 783 455 555 6 589 970 976 775 326 665 71 556 504 639 360 180 762 14 195 168 334 295 560 446 893 79 274 370 912 870 429 759 993 576 298 96 378 684 934 601 250 298 955 465 37 861 329 295 752 214 360 68 664 139 610 291 939 398 880 979 252 123 475 529 776 175 12 893 6 34 761 30 22 702 452 295 244 101 94 529 184 397 58 26 401 644 403 17 301 385 388 881 845 936 826 552 552 370 868 904 105 236 521 58 439 783 665 910 580 924 627 25 455 404 884 479 361 482 336 329 202 489 74 505 710 662 569 603 598 242 397 790 217 914 556 94 478 384 362 563 934 667 716 540 744 489 898 394 344 758 795 189 720 601 232 819 832 47 330 98 461 868 90 5 951 873 815 575 125 631 246 184 100 194 814 311
940 325 844 232 689 674 968 369 85 532 415 292 534 241 184 941 815 912 872 792 346 507 705 900 185 270 63 391 480 887 107 616 173 814 962 0 678 868 213 164 384 136 121 232 979 296 813 118 333 706 86 290 965 954 424 900 639 507 46 576 564 165 65 384 778 15 955 685 3 904 785 413 995 159 109 433 292 877 39 917 90 628 482 424 978 236 130 419 439 539 841 744 640 461 464 514 534 424 305 179 531 745 480 896 325 147 172 565 422 903 805 685 481 626 824 55 910 290 414 320 244 337 446 715 891 973 696 821 163 114 963 566 392 280 585 524 902 322 670 742 269 776 115 289 857 605 952 462 360 141 371 336 527 648 49 328 708 269 869 595 21 398 380 508 286 434 298 880 261 769 210 611 322 715 498 228 449 421 804 772 629 447 682 868 887 214 712 581 30 160 137 784 645 567 405 876 936 791 514 860 93 375 926 320 288 697 102 904 850 154 10 767 928 595 995 42 614 509 64 98 535 88 746 185 549 144 602 465 957 266 963 326 406 920 980 185 705 451 655 747 534 1 153 255 720 703 995 960 665 330 698 408 982 374 487 619 238 919 337 686 410 744 634 14 606 252 770 325 413 423 326 900 136 523 210 173 103 543 737 657 56 905 843 704 576 164 344 358 928 54 154 689 81 393 694 555 938 399 956 472 237 85 325 187 158 69 618 311 32 117 840 232 532 629 945 651 656 238 927 105 80 421 19 322 502 14 426 329 371 822 501 161 456 556 6 242 283 85 399 918 162 657 378 971 487 869 641 843 804 519 676 653 711 669 315 509 474 471 615 918 399 578 48 486 968 278 808 537 203 965 73 153 2 40 828 73 871 999 994 338 309 271 32 497 305 850 524 629 655 921 48 533 82 350 583 438 145 152 974 329 687 197 790 653 355 592 963 791 152 956 6 549 783 247 100 922 880 873 725 213 605 898 228 306 111 462 688 818 660 115 242 132 319 160 317 694 25 223 809 842 45 904 120 257 890 413 71 846 897 823 364 78 176 317 277 450 448 720 503 805 172 186 827 567 629 489 747 19 612 600 577 737 730 200 16 834 28 861 701 754 109 620 135 132 391 502 749 655 382 624 216 82 573 418 279 898 419 876 944 427 535 61 714 503 55 527 336 979 553 401 616 267 130 90 511 568 185 858 689 879 955 74 100 991 147 920 201 876 257 130 82 850 72 172 954 544 47 25 766 646 850 359 559 731 117 901 282 178 381 265 136 652 48 271 36 644 654 836 137 926 614 502 339 272 110 664 267 393 258 328 306 899 936 441 367 736 964 450 481 998 271 317 693 2 934 453 894 431 565 19 270 983 475 125 447 705 28 992 95 112 580 554 195 876 54 708 407 984 771 336 210 115 514 275 972 107 608 243 496 966 920 628 761 412 814 384 769 475 782 308 556 826 463 219 209 522 891 682 883 896 704 592 583 349 917 37 173 325 781 815 804 953 956 315 413 109 326 870 938 154 33 916 431 612 406 174 324 346 451 41 995 719 907 182 396 771 886 912 522 621 469 172 143 126 985 135 459 730 459 988 826 608 990 72 729 428 154 938 129 233 864 511 522 910 854 832 845 896 665 224 297 87 34 789 62 308 243 49 557 303 395 821 200 389 280 162 779 739 363 536 398 627 995 427 12 71 738 873 539 580 601 564 341 311 239 110 200 318 624 351 126 728 479 261 847 918 988 61 331 892 400 237 9 760 592 790 448 57 67 689 315 930 316 48 766 869 877 947 703 439 931 94 318 515 762 925 836 326 94 244 112 333 378 178 334 258 422 463 19 186 584 836 153 795 515 229 613 387 406 685 958 685 972 215 168 708 786 580 895 772 492 951 390 681 85 834 656 227 925 453 580 573 303 375 861 644 576 759 600 180 614 928 284 131 881 569 417 513 798 683 529 677 962 394 176 470 456 31 117 538 626 674 918 374 693 229 52 254 247 278 598 612 907 849 442 349 923 782 951 6 125 542 421 872 783 689 301 711 308 135 740 154 381 96 379 763 579 437 50 58 578 327 93 329 290 250 124 966 578 342 805 81 595 430 609 202 335 882 545 747 658 391 485 711 132 390 117 469 160 918 615 628 101 229 161 586 167 78 367 704 389 454 67 756 489 99 214 851 385 817 918 878 34 782 411 983 225 799 658 622 462 472 13 992 713 100 676 941 725 250 919 21 531 776 236 241 836 892 315 215 568 659 755 267 869 488 976 196 653 576 509 236 380 584 918 638 332 836 427 229
5000
9489 7763 7011 2072 8429 9844 8271 5642 5410 3841 1388 7536 5877 6096 9601 7047 7668 9384 4666 8259 5808 6028 199 695 1790 7506 5660 3066 5465 77 6036 3309 9838 27 2736 5642 1522 1650 5635 1652 7251 601 1508 7683 9087 4381 3662 2564 1743 9151 5328 1432 9779 650 7371 8340 121 5258 3160 8260 6840 1696 3708 7678 7184 508 6161 8306 370 8547 237 1141 5931 6866 8695 3689 5199 792 145 4756 5646 1272 5888 4802 2536 2467 2958 3550 9350 8688 6032 510 7797 8009 3513 4761 1537 6893 7864 2197 9650 2268 1613 9726 984 7762 8155 5584 7806 6912 7299 2589 7300 681 3899 6011 2342 7585 3239 7354 7076 91 1518 2980 6541 561 1573 4366 3327 8512 3755 7654 8930 3610 4281 7388 8507 9785 4380 8605 3562 932 1547 843 1823 9375 3332 8113 1457 7846 9903 1045 6871 8251 1953 2395 8906 8356 5026 193 8932 9671 7188 9843 9343 9108 2185 4503 6200 4729 9618 5365 6719 6934 7671 1519 3573 7140 386 329 2650 964 4296 906 5432 2677 5092 6711 5270 5512 4913 3719 3688 2833 2593 1098 3513 1534 9312 5949 1225 6921 434 2515 4330 1373 7147 7756 7245 232 4000 8261 3273 4996 2500 4675 9155 3225 7167 8603 430 4855 7214 5256 9252 3128 2601 1600 5008 1248 4075 1697 5764 3194 1503 7443 5142 7650 6667 5122 1014 9338 4106 8118 5725 3419 1457 7000 6714 666 8522 1593 7188 2921 902 5318 4332 1237 8632 2908 2343 4884 3644 146 5013 5034 4976 5827 8891 4091 9284 7010 9951 3353 5326 5102 8105 2443 3146 6559 4503 3519 5219 8221 8128 4479 2964 932 6870 4979 2576 9650 6377 8417 9066 3545 9024 9365 6022 727 7822 9860 6605 4451 1809 1241 4337 9915 7974 9512 3792 5836 9838 4161 7232 2358 210 83 2308 2981 6946 9044 6847 4231 2334 6230 5246 1173 8827 952 5081 3880 2809 4240 2183 9226 8681 52 3448 7745 1663 9507 9897 9162 5863 1242 1536 8053 8027 2420 5535 7236 2307 243 5701 1482 4970 4704 8138 4579 1115 4263 1445 1210 8156 8530 1340 8388 9183 6043 2938 4784 6750 7057 1032 2061 6442 5250 927 1717 8043 1513 2133 3992 7620 8652 4856 4447 2334 2271 449 9169 5339 2058 9 3261 4847 7756 1538 2622 5619 8818 9218 6434 3738 1488 4503 4898 6700 7944 8589 5321 5881 4394 3225 3438 3628 7310 6567 8431 1210 4824 4989 1324 6450 6403 2460 5607 670 6446 1111 3924 4631 1994 4803 6095 9934 9467 3606 3687 1060 2247 5097 5848 6357 5535 710 9150 5836 5878 2642 4693 1386 1088 4357 6086 2046 6577 2100 9617 701 5347 3423 6008 3697 2903 4634 223 7092 6384 5266 7638 5227 3902 8907 9109 6625 3890 5061 3803 5950 5159 9844 965 6243 8987 887 3258 4318 629 2702 3930 4532 5464 6419 6530 6200 4877 4479 8261 4534 8322 2019 9375 1725 1628 347 2444 2406 9832 1399 4340 8644 8500 9613 9302 6091 1622 8268 8059 8470 3862 5001 9397 8517 7434 1738 9277 495 7125 4162 7058 570 1022 4674 2746 4452 4156 6358 4513 3695 961 9926 2921 2014 8685 2326 351 8224 1860 2464 8773 1935 5785 2007 5769 1070 2845 4572 9026 3911 4093 3523 3609 2314 1821 9071 8905 7073 970 9649 2313 8827 9884 5256 7212 6827 3268 9411 9128 2116 1239 7322 5383 8899 5306 6696 7342 2749 9222 9657 4315 5302 6555 8536 7354 6697 751 7278 2473 5561 8108 1602 1927 4826 793 1443 6499 1542 6951 9555 5851 1309 5074 4191 3115 8704 5022 9377 4650 8084 9867 8879 473 7373 6972 8637 1842 4394 2527 9431 9738 2094 7082 334 6023 5795 5195 2803 483 6380 6452 4961 6025 6901 8814 3202 2482 1708 216 3656 625 8817 3933 1881 8650 4071 9088 3491 3149 3938 2167 8567 3575 2970 9939 5766 6095 9999 4691 428 6831 3249 4070 9545 5273 6600 8133 5839 5994 7199 9755 4667 8963 5723 2702 2495 8256 62 5200 3048 5875 2512 2277 92 3775 8430 5643 4264 5309 1821 8117 2057 8510 6270 9108 4497 5782 4763 5887 9694 6785 674 1091 431 8853 8399 6242 1982 624 5208 7303 6109 293 1517 9537 1167 6707 9753 681 360 9434 1979 584 76 8293 3989 9973 2539 8234 772 8103 9538 5316 3893 9183 3525 43 362 6186 5795 8509 1848 9074 6147 6549 185 5639 8475 4085 9538 6296 1354 7125 7548 2969 5413 2193 6600 4997 7289 8752 1363 9404 9999 2413 5748 8978 8924 789 1254 6423 8315 6363 2527 2222 6553 389 309 7274 191 2497 9503 153 6340 298 5779 3221 7322 7775 7049 7606 5652 8572 4306 6025 925 2232 4954 2323 6344 6048 878 2100 583 6061 6006 4774 113 1173 775 8468 463 8360 4345 7640 4473 1445 6790 7963 4518 4970 1127 8500 8802 4611 1858 8894 4933 1683 1633 2391 208 4905 2248 2244 5935 8555 8862 693 2140 3280 2800 9253 9794 3230 4701 2980 1639 8215 9510 355 445 3220 9261 602 7828 8157 109 3488 4209 5122 4247 9284 3121 3866 4209 6357 4202 3526 6187 4582 5830 5575 7284 5539 2569 2837 9590 204 6293 1056 8667 309 7760 695 6480 2020 7677 7507 3707 4465 9453 527 1184 748 5323 8863 820 6102 6324 8824 5761 6715 2963 6329 8559 5059 8786 8885 8857 1029 524 3052 267 9439 732 1959 4452 4461 9584 2689 6851 1892 7684 8397 374 6878 63 403 2091 8613 5394 9504 1533 1455 6533 7622 718 3102 5925 8168 761 5323 6457 5747 6930 3899 9880 8911 6197 3785 6131 9344 3304 5261 9125 8398 8900 5678 6222 3834 8856 2638 4786 5334 6075 9234 6169 2274 498 6232 949 8880 5302 741 6027 9351 899 9050 8616 3768 4507 5722 3189 9495 2378 5888 119 7589 7426 1881 4269 5080 4203 7156 4548 2075 2505 960 3528 9669 7796 1564 6628 572 9108 6494 1217 7273 7992 5035 3840 7772 8215 8348 9166 4616 266 7807 9300 8957 1307 5813 4078 6346 2524 9563 3762 6251 3913 5589 6950 8058 552 3544 8079 9426 4490 2998 8789 1463 8047 3585 8136 9938 5466 6376 8035 1229 9315 6709 1019 898 7098 5321 7189 2794 873 8512 9314 5655 3088 1193 4041 710 4488 5036 4280 122 237 6598 2730 1996 9086 8610 3234 4003 1480 3410 8158 1006 4498 6185 7597 6931 8470 1282 1009 7659 8351 6223 1720 4964 1399 1124 1362 3307 8746 1587 8942 6930 5176 1081 9135 3008 5033 4133 5993 5766 5735 7566 8242 8838 2921 8793 2073 9060 4465 4280 7739 2339 8173 3600 7042 3283 1703 5563 275 9104 9012 1649 942 8323 2406 9766 7963 9454 1554 213 3344 1254 1057 5563 9143 3306 8646 504 7006 3243 3330 8550 5766 79 7937 1432 7286 2690 7212 2022 6579 6604 8371 3432 1920 6577 6420 9375 2101 1327 5304 2809 8648 308 6291 233 5206 5809 4067 3190 7158 330 2327 3490 717 5119 9244 9066 3038 8797 4477 9694 9587 6338 9132 4001 6175 4725 697 2894 9435 3482 8112 2405 3217 7347 6304 6751 1101 2423 8915 3534 7345 4325 1361 7368 9114 9487 28 2621 2190 4336 8172 3913 8532 5867 8495 3998 9148 548 1274 1939 89 6016 9685 2465 8056 6044 8692 5302 945 7313 9913 3066 9375 8616 3800 9628 6162 4968 9053 6380 3811 3087 1614 6836 1949 6630 2745 6974 2493 7554 5047 4039 4046 4803 6843 2315 3233 6329 2267 7083 1304 1475 7011 2193 9886 382 8817 3962 8640 3560 8475 8214 5839 4007 993 190 7072 4193 2655 2747 5803 1607 8203 4217 4182 2974 9677 1090 2744 5811 5096 2111 4606 5450 6795 6695 2352 7539 5398 7166 7835 5009 4164 4786 6437 6550 2476 4228 2954 4269 9614 4955 6630 9992 8713 1067 715 489 2568 650 6925 3688 2290 8965 2518 9577 3299 3273 727 8643 1239 3414 8328 2742 2579 7389 7521 1137 5867 8777 360 7637 830 1418 6699 7001 2444 9181 9567 2959 3006 5585 1571 9643 5958 3828 3148 2179 5291 7493 6798 8625 6469 9872 3086 9421 2911 2043 4576 5366 6856 2181 4918 7630 2942 7552 2332 4655 4783 1702 4444 2771 4781 3164 6287 9235 9076 6501 2876 9275 2584 9357 642 1675 9318 8913 7688 2108 6264 7813 50 4379 4324 1733 8804 5101 5806 8698 7520 7944 7029 7684 6847 9896 7630 7533 9944 3312 6353 8700 3515 1069 4849 6184 8058 8038 646 500 8047 7072 2126 1159 7927 5470 6050 6651 9762 9397 2511 2712 8304 9393 1499 3743 6599 9014 4149 8823 7502 2377 8089 3167 5151 2202 7031 4375 2644 4319 9471 7089 7611 5857 3230 8901 9664 4996 1503 3575 7810 1568 6300 5024 992 2407 2947 1874 2992 6590 9402 8572 2456 3683 3582 3443 8001 9147 3622 9112 3139 7363 4193 56 3902 4274 1638 3084 8510 1340 2274 169 358 1865 1909 3511 9191 1366 6521 7508 5803 8334 9405 4896 1476 3686 3348 1460 5324 2399 5515 5527 9453 1888 7923 1433 1798 5589 6085 1744 7693 1552 72 1067 5616 102 673 7777 2025 4221 1256 8743 8808 808 8381 1181 6498 6070 916 9424 3207 915 1443 5008 9577 8300 8896 8730 3855 4402 7492 280 8950 5631 2068 1107 9349 301 984 3729 5859 8913 8098 2594 3539 3482 4804 8458 1237 8112 8679 240 1157 7817 4773 5481 5444 9619 2437 367 1866 7659 9062 969 3595 7409 2964 3100 2639 471 1977 7716 5746 37 2806 3573 6677 6734 8917 2543 3353 7616 7783 3148 8181 2788 8205 3379 8572 2877 5973 2498 6860 1192 1730 8254 9695 7879 4206 6677 2143 2956 2885 508 3044 151 7373 5964 7757 9521 5171 5115 1514 3717 6752 5266 8945 2753 706 8334 6744 5079 344 6510 4813 9562 9138 8108 4174 3993 1521 8777 3283 9890 3186 3011 9619 5885 463 4004 7075 3625 22 8692 4600 9795 2011 4145 1932 6694 4546 4926 6632 7768 9386 8137 5931 2271 5491 2184 1636 1850 959 9518 4557 4191 7760 3814 4727 8633 2204 2472 8615 6553 834 448 3570 4509 4442 2409 2609 7219 3070 2718 924 3286 7220 1330 9806 5661 411 6345 5732 2323 5911 4731 8603 6082 4799 3677 3787 2523 6470 6334 8814 8847 89 6986 8797 8049 4063 7172 8203 1750 9666 1970 2510 8033 4821 6060 6203 1694 6890 9682 7086 5123 6282 3774 9781 3899 2886 2928 7732 6799 5490 8769 1331 1391 9947 5995 572 7014 2776 8451 7431 1252 92 3064 9403 5218 7052 3648 4089 9528 6690 3495 3794 4407 9573 1227 676 745 9261 765 9831 8311 77 3715 5711 6837 2315 9887 9414 5834 5146 9752 3593 5553 42 7231 6371 2279 6236 2464 1707 1965 5591 1127 6688 5236 3410 6950 2410 693 7693 6814 2031 1777 1095 9385 6320 9045 4061 6882 4593 8323 5501 9975 8311 8306 5777 7306 8422 4165 3020 5948 6583 8012 2469 7797 5366 6412 6057 4278 329 5992 6206 6015 7694 9251 448 2719 7974 9682 3025 3271 7792 4807 556 7967 1781 7239 1371 6102 1069 2699 9910 7488 3887 334 5812 1829 3302 4638 1955 8526 4938 8351 3485 1411 7627 7116 7539 3700 5194 7785 8763 9866 8217 161 4687 6800 9605 4046 2855 3041 1030 1683 6638 7445 4584 3176 7221 2025 4529 678 5451 311 1946 4337 2380 1943 9700 8433 7194 3338 4527 9793 5611 5208 4736 1474 8593 3966 4576 9169 8375 970 2058 3655 5097 6437 5385 1336 375 8771 4245 992 3740 6914 8834 7717 3347 7709 6008 9112 7193 2257 3167 516 5031 4114 5703 9894 1560 112 2674 9364 4725 2276 9463 7686 9703 2550 2236 6912 5896 7904 1357 63 2822 5053 8707 9245 4701 3333 9992 551 1378 9301 927 8448 6353 654 244 4981 3536 2570 1046 7062 7026 3772 2263 1763 8780 9012 5232 5084 4098 8890 5334 6043 4909 6143 9591 9129 4873 890 5722 4841 2712 6874 7600 4141 602 4444 1729 4600 5827 4111 5635 4668 5823 3282 9131 925 7861 929 1864 7284 4540 247 2352 4793 6328 6881 2200 2486 5261 6170 3215 1428 165 5215 3385 6455 4893 9333 8469 300 3127 5498 7882 9717 5771 9729 9494 8738 7015 9861 3946 4579 9034 2391 4648 2958 1636 2850 7929 3206 4993 9917 5767 2366 4070 5466 1669 9536 8453 8432 8748 4259 4145 3467 9330 5185 1322 6668 9225 3380 7788 8233 511 3951 8007 9257 6583 7642 2953 8813 8085 1341 7283 7156 9786 1079 4771 8109 6815 1703 6323 6079 7768 2267 1109 8144 3238 9357 9905 9728 5668 2795 2205 2872 7282 9983 6871 6188 2285 85 8261 8603 2479 6151 8460 5969 3252 9847 1803 5229 8676 1919 2147 5033 6507 1041 531 9314 6229 6983 2975 1581 2572 1740 7465 3248 9767 2107 2936 2311 5925 6579 6537 5674 1548 6663 2997 7212 1597 4895 1786 4648 3325 1714 5523 9997 3213 6473 7056 6926 7267 4576 9138 8335 1351 9736 3557 4396 5178 5432 5140 1296 269 7147 5427 8256 1382 1304 1295 1765 8213 617 4460 1747 4556 9996 2529 279 3326 9155 1855 3298 2405 2474 7478 5973 9898 8056 3836 2471 5892 5168 5157 5858 706 3209 9121 4933 4360 12 4884 1955 7069 63 8492 8065 8948 4105 376 7683 4277 8581 5083 8862 2968 5966 8228 2284 2678 6777 2211 9102 1482 1825 3600 4049 6930 4769 6968 8109 8703 1968 6585 6491 9255 4981 4588 714 5587 2688 1413 6987 2317 9450 2493 5255 2276 7297 8761 7344 7690 7506 3558 4587 4825 3745 8575 9742 8707 4693 4473 5295 8198 7176 5287 5580 5312 9028 4397 682 6302 6074 5142 6190 8431 1701 527 2966 1715 8946 6078 2793 2867 1742 4180 6932 4006 4953 8086 3723 7434 9513 2420 4397 5042 416 3726 4757 2381 433 6247 8351 623 8397 2889 6341 8567 1182 9325 6159 9771 6265 601 1270 6368 4520 9164 7166 9960 8927 8052 8931 9435 9977 4418 414 481 6392 7854 1259 5588 5350 5544 2502 4016 6763 2477 1111 3180 8573 4389 6430 2606 5335 6730 9624 7144 6849 3983 642 3517 1839 3737 2509 1261 1351 9830 718 4761 3257 5270 8199 2619 591 8635 212 2493 5062 1869 3735 7850 2809 2762 8807 3622 3271 8649 4028 9949 4769 8173 4630 6186 9715 194 793 4135 2830 4144 5968 8784 2999 1429 5609 3292 293 7817 8823 9427 2312 1907 9585 3518 3173 2248 8544 7913 2494 9589 360 1666 4828 5040 6710 2373 4652 1989 4142 2052 6847 2201 400 2587 9768 4158 4022 5576 9621 1220 990 1678 5398 9411 7019 5704 299 1331 3437 8116 928 150 1497 6310 761 4390 7348 4639 8543 5166 3032 9220 9204 9606 6806 2188 9668 8360 4721 4479 9614 4119 4693 8919 3382 1420 7233 940 3651 2945 1723 7459 7502 2072 3478 3670 6607 8555 8361 2588 1116 9787 5583 2498 6276 8154 199 4132 7806 7430 9238 2808 432 4748 5767 4703 9631 6370 2101 507 6210 9788 6593 5922 428 2237 9691 5943 804 8764 9713 3344 713 2828 2028 4393 5882 3706 9944 4159 516 795 5249 6828 8468 3867 1665 4608 8249 5297 2448 4382 3072 5599 8301 209 33 2775 5089 7094 4009 8640 9435 8485 6002 9219 1515 3347 1281 3662 6221 5689 1259 3579 4857 2762 3846 7399 1015 4617 7484 7773 7488 1459 1450 2001 5114 9276 7632 1730 2427 3101 1144 9799 5151 2145 6868 3755 4530 3185 6379 1374 7213 2545 2386 5771 55 3453 2941 8198 822 7934 9419 4436 2632 7878 7934 421 7197 5672 109 1065 824 227 395 1801 7371 9449 1277 7975 1549 7044 8388 6668 643 2741 6382 5432 9691 8988 864 1241 3494 1168 9201 5329 4269 5020 7344 3423 431 916 4134 9960 1141 3045 1696 9787 3456 2581 6071 3542 510 2020 4845 388 2105 8124 5299 1362 245 6970 4149 6510 860 8530 8564 1253 3042 5257 2860 9330 4980 8744 6991 376 2882 8162 8052 5329 8201 1250 3130 4964 6238 614 7000 9114 4091 3951 2863 4554 7652 6374 2773 7446 9356 5200 1359 3338 4251 6068 5996 2323 5732 1091 7890 6162 7424 862 4595 7733 9049 54 3887 9333 738 9890 5299 2780 796 872 6549 2139 1652 8353 1127 9594 4720 9395 9431 1806 8752 2881 9403 2002 9150 4519 4291 4480 5858 4909 8953 1757 8063 4463 2496 3234 9889 3958 9496 3537 1417 493 1541 5084 4128 6889 3938 5526 9469 1858 4315 6374 4705 4669 1978 9726 4273 202 2324 2883 6722 4459 192 4443 7509 9324 7434 9657 7959 7511 2034 2710 401 8751 8023 7536 1967 2894 8500 6802 2447 1406 6769 5665 3587 9793 2382 2763 4398 4579 6189 6185 346 642 1562 9158 5253 2701 1403 6230 508 9477 7688 8522 9600 4170 5481 2748 3461 5488 687 1199 8402 6137 7997 9556 1072 618 4140 1550 832 806 9972 7000 2156 6886 2069 4625 728 4550 7588 4075 864 9607 4887 9733 8920 1598 2736 3984 1345 1391 1960 8602 9129 4760 7515 5649 4373 6011 6940 5073 1129 8045 209 5608 1548 2440 4856 6095 951 5087 6449 3565 3916 3058 2050 2018 9228 5286 4056 1335 9751 2252 6670 9716 1473 2668 887 6681 2757 9062 7091 5949 5087 9519 7826 4284 625 6221 3209 1360 4528 4959 3247 6448 7890 8844 8144 9364 263 7743 7888 2329 4560 5133 3363 6738 3800 9931 9328 9139 860 5842 7029 596 5185 5818 9674 1193 7897 6079 7145 1136 8811 7606 6769 8463 3561 3203 8696 8553 9791 3328 1655 5839 6102 97 8050 5448 5890 5842 6570 238 386 9569 1383 7539 2209 9762 7419 3534 6559 1052 4635 318 5489 1188 4719 2753 5109 4206 2805 6821 480 4671 5615 925 5798 9860 1036 3070 8287 4430 31 8602 6748 6878 3454 7226 2995 2718 7048 2866 7550 9090 2335 9134 7690 5051 6903 318 9468 6963 5049 8080 8500 475 4870 1470 2512 259 6333 4971 2396 8287 7521 5760 8158 5058 8767 5968 282 9050 9960 6047 9007 2783 5960 207 3043 3253 4145 7099 5449 7265 9861 3362 4987 6527 5148 6087 1649 9036 9908 7474 1596 5840 9121 9175 2795 6201 2644 6399 622 4336 3717 2516 135 402 5232 6150 3937 4005 5839 334 4327 7614 366 3795 4293 3027 7273 7398 3058 3796 2284 6780 8918 7097 1520 4971 2268 8868 6121 1917 44 670 4385 6984 696 3803 6653 7475 1380 1908 6150 1054 2623 9545 2853 841 5834 8700 8662 9332 7569 1139 856 8665 4614 2222 9144 7425 9848 9196 2413 1992 1750 6165 5801 7725 1125 7934 7910 6177 4632 3132 3338 2436 6460 7977 4728 1077 338 9637 9274 6481 8240 5516 4694 3171 6167 5948 9352 1664 6348 6447 9548 2488 8005 8422 3858 8738 9742 5910 2455 4155 8241 2285 8752 8431 6890 6980 6752 7650 9976 9601 6843 9290 9949 4262 4392 9509 2275 1566 4034 9409 6321 6195 9245 9998 4090 2846 4316 3303 3490 6819 2715 4659 6070 47 3120 1024 1566 4131 2699 5140 8067 3999 3962 455 1653 5269 5052 1327 9788 3738 9993 6177 1838 2728 643 1994 9394 3172 6861 8436 7307 3763 1378 4537 1251 9372 3412 650 5932 9768 1832 3179 3464 3373 2543 5999 376 9242 9931 2696 288 7329 9102 3891 6226 4200 6374 5907 907 8635 985 8945 2319 6568 5458 5336 8910 5972 9847 1314 3440 1542 4563 5295 3572 858 4821 7194 4954 3204 8642 7350 324 5375 7970 1032 1074 7751 8931 9490 4763 9070 6667 6738 8669 4977 1212 3111 2884 3356 5347 6341 47 1018 7806 470 6366 1256 9565 1721 3263 2292 4044 9598 4953 4212 2554 7199 2106 5330 9007 7821 3613 1675 706 748 44 301 8309 6714 2744 626 5056 2614 8043 1753 7313 5922 4038 2504 9448 1696 1106 4006 6769 8303 3875 5481 9629 3296 3346 5604 7455 1547 6740 5367 4275 3872 1527 5753 9879 191 1012 7604 3153 3599 2970 1204 896 8680 322 4154 6901 3122 3441 1037 3184 5283 5275 3867 2354 8617 2727 4193 2604 6745 5157 2176 4360 218 8936 6417 6149 3056 5092 5832 4820 7803 2775 2509 7685 4483 8714 8415 3992 3274 9007 3151 1517 9847 3517 9418 3476 7235 1483 8189 228 1768 6746 2487 6722 9813 7166 9518 7704 5681 9023 2345 5081 7613 8169 6756 8595 3276 5134 5569 4300 4758 687 8472 9259 6322 2017 4087 6243 1819 1787 8692 7297 631 5825 5924 4077 5816 2911 8452 459 7184 7993 6401 7254 7636 5038 5431 6326 7441 7834 3773 7988 3721 3845 2658 9960 1946 9409 504 5287 5608 7943 3989 4899 5573 6057 7412 9333 2174 1895 9386 2453 8672 8058 9822 7719 6175 3268 3033 3820 6804 82 4621 3086 3173 4864 3302 7160 7958 9753 4153 1146 8049 9292 9638 4435 8144 6091 5607 1007 5884 2523 3764 1561 3963 1043 6316 9641 6208 3658 1324 3760 6551 5733 9077 2789 1533 4324 1456 4840 9415 41 2997 9876 5155 8711 9311 7943 3114 7453 6516 5097 179 5629 4638 7697 3549 5046 6257 9372 1676 3012 9897 7985 7897 874 4099 9718 5070 4518 3358 9059 291 432 9422 4929 9543 4359 3661 6707 8439 9528 3792 8364 8737 6349 6757 4988 5641 8511 3401 4935 6394 4943 946 1468 3800 8178 96 5557 8813 9897 2341 4542 7579 1023 4743 8765 1756 1546 6840 646 1505 7955 9399 7449 5448 2953 7169 5190 5906 5404 140 1392 8486 4089 5370 5530 9850 6 2141 8635 2525 4507 1224 3922 4849 7742 8790 1168 3251 4853 4379 6712 8071 8822 3706 1093 170 9095 7739 5180 8468 5194 8528 1377 9309 8388 8305 6284 4973 8709 9967 6284 5311 1517 6784 8174 4562 2055 883 7163 7521 9649 1401 7280 3647 7037 3391 3746 940 896 5712 8375 6301 7694 8120 4699 7004 8262 1924 6660 5966 8253 2043 852 1446 5851 2255 7678 7418 881 235 3060 3288 2927 5014 4508 2237 1388 2115 3293 6418 3448 3897 1960 4344 6593 5122 2300 7689 8418 9891 3878 8087 2142 6675 4972 2804 8509 9949 5633 4863 6230 7786 4128 5627 2838 8522 3451 2886 8499 6481 6007 8282 2815 9533 4826 9594 9322 9138 5276 2174 7340 2163 1676 3433 3515 9375 6643 3070 3740 9711 1432 8229 237 2712 1298 3910 6661 229 7758 8961 732 5263 5100 1670 1581 8074 4366 307 2788 2797 3821 5713 7105 5092 662 2109 6618 5097 918 3338 3290 847 2838 6162 2597 3593 6115 9560 3255 2811 6944 9527 9405 5875 49 7527 1208 5308 4576 2695 6568 814 1588 6628 1429 2107 7557 1936 9889 8763 4353 2606 6641 5003 1508 2196 7719 9121 8431 4453 1716 4699 9440 4767 7793 6892 2532 65 1382 6396 8100 1735 9883 9041 9762 1270 8481 9596 1209 290 1514 7748 4753 5227 2617 6422 4325 6905 8186 4093 3550 3846 5299 6934 5095 9400 2129 2925 1576 4705 730 4434 9813 5444 3859 2963 7656 5907 667 7228 5616 6756 1339 421 3864 714 1189 6620 2347 543 5640 4431 2165 5806 7940 862 3147 8323 9769 8915 4971 6743 558 3133 1615 496 6297 7890 4070 742 1201 4520 6062 7299 3828 6730 9767 4489 3670 3681 8707 4984 1581 6133 5048 5200 2441 9883 3163 8230 9601 3151 5049 2222 3864 9467 4947 2105 8146 873 9839 9256 9023 1802 8323 4876 3016 8310 4584 2398 7309 2539 9721 650 3583 8187 7766 7446 7637 3942 4879 7507 5577 4388 5390 9165 9638 3962 1967 2869 3120 2108 4800 253 7044 7828 2824 8760 9465 2791 4259 1615 1643 313 7315 2253 3 6204 870 8616 3979 609 3596 5987 839 2060 9874 535 6740 8688 2127 5797 956 1672 9893 183 6772 388 3400 2651 4838 2770 5158 951 9778 3725 7869 9964 3099 4264 271 7913 1581 3333 9124 1160 117 7397 7560 833 5207 5908 898 9349 1533 580 1311 8038 812 3604 5213 3414 4854 6673 3635 1470 1579 3994 3631 8444 5086 2224 9060 2986 5718 7435 9628 8372 460 264 1462 1351 3327 8337 8010 9134 7753 6422 8177 4141 1267 3506 6401 3784 1122 696 4858 3577 2385 5647 8782 2513 2305 1549 340 1556 3202 8005 7968 7135 1998 7840 3507 8890 5737 6004 468 3526 3544 2257 9747 3081 1152 5912 8904 1652 1496 5157 4610 7901 1677 8325 2185 3269 5574 843 9466 1106 6062 8877 7298 702 2788 929 2107 3853 7109 8904 7471 5155 9366 96 3556 1085 1639 6522 9721 9786 8820 6715 1361 9254 2196 3469 9676 2242 6199 9919 4908 7988 8695 2170 4766 5006 7473 5085 2152 125 9897 4796 6260 3380 2387 48 9471 7102 9282 6112 6745 1457 2797 3374 6152 7801 2112 2725 4736 6741 9465 4034 2544 8487 6134 8130 1620 2725 4112 6653 7916 2647 2046 3437 2034 6598 3890 7260 9713 4729 8682 5787 5404 8333 4881 4559 2410 8968 121 9750 3588 7296 608 4189 3763 9421 4859 9381 2638 7006 366 6596 9982 5980 6151 6187 8336 4653 1638 6977 2059 4804 6242 2029 6867 4407 1129 6072 6826 3567 3012 9949 9250 3719 7033 4175 9607 1782 1359 335 3977 803 2888 781 7782 3639 1823 6211 9930 8795 2852 2045 4395 9936 6761 8786 2833 5602 3127 2516 1799 3915 2803 1028 4287 5133 6696 4771 9780 351 6749 6338 7053 5367 2650 2217 8653 8145 8865 4077 9153 369 4055 253 9987 8620 173 9461 3922 3778 364 5230 3020 376 352 4079 5861 2715 7038 1965 1367 680 6428 2757 4280 3909 4546 7548 9870 708 7307 3564 2345 4501 4409 3289 2466 4052 9145 2203 8922 5724 8068 2558 5183 2359 3292 1565 6673 8000 5336 1801 9731 5992 6682 2503 9488 8640 9698 623 8531 9693 1076 82 2004 3510 616 6366 8734 8865 8401 7670 8725 873 5367 2152 3103 1295 9543 621 5781 5880 4156 8910 2745 2454 7577 5665 663 109 8179 865 5736 6512 9595 9741 7394 2084 8598 6339 7696 8070 883 7756 1746 3416 2022 1316 3532 7143 8936 4087 8327 4058 2893 6138 4779 2626 8842 822 7137 4483 3722 7851 6442 2883 8975 7645 8221 3453 1616 6020 5844 4091 8977 6197 2812 1095 6358 3991 9783 9383 8416 4108 1860 5453 8048 3010 4630 3167 3111 3493 3257 6621 8222 3483 7701 9110 5541 279 2966 4000 851 3954 212 6706 4446 9064 4266 2232 6374 5441 7707 5741 7859 8683 581 1460 3263 2002 5970 3281 6052 2124 2921 8588 5222 895 6117 9534 8712 2988 7863 7114 3692 8664 7188 5778 6830 2092 9505 5091 7441 4713 9707 640 4819 9004 5927 9300 7771 7430 872 5202 9951 6025 7014 9313 3177 1029 3149 4339 7486 5691 3603 3358 6652 7019 9093 1387 1034 5309 6638 461 8117 5423 9745 4301 186 4508 3662 1614 2370 7010 3234 250 2639 5401 1374 6834 9861 1935 9168 8451 315 4809 3191 2092 5134 6887 584 9138 4569 9473 9819 2180 2375 4891 1203 7137 8317 5692 3399 5303 7342 6642 7050 3141 3977 8557 978 3893 6837 701 8084 6357 4813 973 4364 3251 515 516 5018 8901 80 4954 3551 4644 3490 890 6963 7799 572 7232 29 6745 5068 5022 4805 4216 9930 5623 8597 7184 2429 9451 4563 1956 1941 8242 1110 4954 107 8514 3830 636 9971 375 9294 6442 3449 3101 5627 3768 5922 5666 3166 2851 8202 9947 3003 6849 2941 2035 9914 2044 9133 2751 9751 9708 7290 745 9312 6972 6859 325 3641 8553 6783 2787 99 228 7905 1901 1822 9022 8777 5000 5018 6552 7442 2245 3378 2325 7274 6525 7371 8133 7960 6297 3945 5285 411 477 1677 8248 3282 340 214 9650 6203 9110 523 8208 7207 9474 8933 2226 5152 5205 5326 1764 2186 1743 885 9469 1279 1567 5191 1374 6115 1859 9734 7947 1067 2638 7814 2747 7411 3397 8020 4142 9509 6526 1283 4341 7808 1691 8541 2780 1801 8529 4662 9123 397 7920 4954 4485 5002 1424 8803 313 9187 9789 8547 7394 1487 1377 4101 7203 9256 6478 8816 7144 4401 8181 4843 9854 1360 1088 7501 3443 6065 4090 8200 2952 6646 1006 645 323 5791 1398 2016 7694 6580 4894 7852 5254 4791 2364 1801 6878 1223 6031 2931 9908 4341 7984 7305 6518 7567 3095 8386 5317 1655 5085 4155 4120 4083 6077 419 133 4749 4298 4436 2624 4427 2505 1891 3619 753 3990 5444 1370 7503 6365 6583 4916 7161 9027 8083 3574 2744 8670 8882 9416 7674 7087 8247 4433 3023 3682 975 7440 3636 9833 882 7528 6470 1459 4598 8341 2025 3257 2086 2812 9988 5403 664 4056 4904 6051 9215 316 6625 2141 2326 4456 673 7585 8658 1107 7838 5080 8674 3665 1799 632 8092 7429 4151 284 2238 2231 6742 5487 9572 1720 3629 4526 624 7595 1376 1273 7792 2856 5235 1549 8337 9900 7717 3853 8912 6077 8247 2002 320 7030 3143 3410 2397 6295 8174 3477 5267 7754 7226 5359 1703 2382 7165 6409 4106 6797 8159 524 3680 1989 9653 6629 2449 4005 187 808 6802 5638 547 9358 2252 5142 5756 5774 4358 1854 2283 9152 6677 4844 5689 4075 4254 8203 5367 4397 4793 4627 5860 766 8532 3914 7809 8467 4151 8415 3697 3177 4923 9146 9299 4768 4637 5786 2138 1961 4661 5701 7988 315 9808 221 1818 4850 9451
1347 2725 8262 7630 1467 7391 1339 573 1437 6508 1538 273 4192 6420 644 3121 7467 3800 3078 5480 3117 5812 213 8620 8935 5637 6579 6298 5960 8407 3256 3148 6595 4063 4103 1020 7508 5813 1264 1313 623 1381 9776 7031 3338 7186 9592 3541 9869 1767 1280 5889 1349 5640 6420 4508 8635 3880 2753 5566 7068 5006 9623 6960 5151 4879 3713 1804 5402 5456 7929 3976 5382 6615 6444 2566 9054 8524 3452 7739 1611 2836 5770 1549 21 2715 5160 4655 4581 1882 7780 199 9035 4925 1416 2097 9301 4362 7325 8014 4513 7810 8236 1193 1178 1061 2363 3795 732 5459 7354 3779 3294 3911 502 1649 8993 5447 4098 2665 2136 3230 1698 2554 8710 9067 5819 9214 3450 2019 7865 7734 4379 6037 8406 5692 4102 5961 9602 3337 383 7298 2771 3756 6102 2685 2984 6439 6130 1994 7533 4484 1395 290 720 2912 6843 5599 8631 78 8275 9022 872 9158 5768 3346 1006 4459 6392 359 9119 5183 4818 8003 6370 4657 1642 79 611 8481 9114 8360 9877 1995 9869 6367 221 9042 386 4310 4788 1676 5906 3074 3787 6650 1520 3790 4019 5195 5809 7230 537 385 786 2161 3663 8676 5076 9945 7443 1369 9416 1746 1945 8603 3468 5839 3409 1032 1928 7450 5185 4663 3887 7395 9382 8306 2222 3426 8610 9042 5702 9539 883 4083 4048 8862 453 9118 6732 8834 4413 2522 2304 3801 5243 2349 6890 3365 8976 656 4031 8468 6632 4327 9004 9765 1217 6134 1917 8993 574 4935 3293 8675 136 1236 7185 5496 9914 3862 7533 3034 1488 9692 9426 3646 4967 6022 5580 9849 5391 5110 775 9075 2884 2145 9301 415 4045 431 8077 2699 2449 6763 1153 8974 6571 3787 9966 1411 6571 8010 172 317 5546 6162 6137 3171 6014 1018 7866 3636 5887 4753 3216 7289 3319 6214 2999 3399 6499 3314 6146 8509 3098 7665 5300 5270 8993 6209 5053 1358 5861 4701 1852 9517 9346 4404 2871 2538 4496 6844 7547 2812 5178 5729 5529 7397 3157 3942 2094 2030 1125 594 7811 1709 4106 3551 279 2095 6743 3221 2649 9160 3583 5295 5146 7349 2050 3760 3686 8714 820 2517 5161 638 3986 570 2492 4954 8906 6192 2769 7438 8050 2339 7679 6557 2189 8875 240 6893 7475 2417 2470 825 8594 7360 8750 3615 4066 9129 9018 7193 1765 2333 4556 707 3197 7248 8361 7664 2410 9110 4260 4880 4355 3311 911 7280 8223 454 9488 8444 7589 8439 6162 3636 288 3981 7673 6906 8890 4484 2443 8242 9310 4784 4525 1321 2524 3924 9493 8328 9782 2671 9507 2726 8346 1619 7476 1594 1591 2938 1371 9710 9172 401 9316 8039 593 2758 4352 147 3064 4172 9976 2069 5863 9475 8294 1595 7672 8046 4221 7056 9732 2827 9282 3165 4710 8030 2710 1570 8245 8568 7169 9535 1048 497 5237 1094 1770 2154 2292 7769 4363 8867 9001 4355 1392 2187 3621 5619 485 7743 9495 4129 5778 996 7295 6499 7511 154 1697 6018 9301 5157 5015 5496 4250 1092 1964 4303 137 4696 5348 2596 7423 4693 5813 9980 4665 2226 8706 6639 348 8087 655 3012 5439 8480 9414 1101 2027 3649 4695 4333 832 8106 807 576 738 5347 8102 4777 8836 4803 9049 8095 3882 3859 619 4496 6460 4795 5000 4481 6813 6225 7891 2068 5320 6235 6204 7847 7738 3360 8854 2918 5245 7360 5802 2481 1675 6201 866 5485 7819 5813 6060 7591 1865 1659 9739 7483 7253 522 1273 6223 4814 7624 1070 650 245 5436 3653 7149 2182 2246 4991 3146 6094 2130 9252 8869 8697 4550 5134 3238 690 1027 8394 2392 9907 6030 5622 802 7441 7824 5846 8741 5453 7214 1877 1636 3505 548 6153 3363 7651 362 3733 8549 2095 1744 7883 6974 3600 9832 301 2240 6348 4415 7290 9557 9061 5447 3908 144 406 5351 8674 4813 1411 3494 9339 7837 6455 4125 2427 9238 161 9051 614 7486 1147 8646 8054 7391 4065 7373 6923 7524 6045 9041 2926 6568 1307 5054 2262 7684 7673 5596 4713 158 2262 544 8995 9033 5844 799 1559 3530 8753 4421 8637 9125 8488 2594 924 6407 4106 3741 4051 9655 4829 8059 1353 5185 7592 4570 2193 4943 9208 3628 4749 9693 3454 8893 9525 5929 3850 9214 116 356 2548 1351 1942 2472 4939 4428 8100 9864 76 4746 4386 7061 3901 5183 1997 1060 6428 8162 4575 7101 1340 9978 9633 9729 7625 6583 6554 768 7464 2560 6959 1420 9354 8980 2422 3444 9191 7622 976 1589 3302 5360 280 2200 2987 774 944 4239 3614 596 239 9180 1159 5511 1453 2833 5674 2613 717 6401 1359 1118 7753 9786 7330 7477 1409 1656 760 4459 645 4830 1179 5559 8788 2067 5940 5476 1721 92 8938 6364 412 4853 8661 3543 4850 4712 4626 6475 7661 8653 2263 2350 6663 1743 291 9773 419 4036 8839 2241 955 2333 570 9873 676 7087 3759 4642 912 7258 7489 7755 8139 4579 3709 2631 7854 2955 6580 6440 7359 1267 7547 8565 9851 2169 2394 5986 3230 343 4268 1774 2686 1682 2003 3132 5654 8875 4536 8235 5213 4689 2255 4014 7938 3474 720 6806 6979 3556 2766 7432 1880 5228 7101 5147 9743 2440 7520 2538 278 8271 1164 7863 7456 6850 233 7751 1422 1574 5823 8804 3818 478 9841 556 4035 3541 9881 4534 1365 4099 2773 8368 7993 7645 6484 2473 2096 9175 6281 3873 5967 2427 275 4496 4956 21 5069 2328 2380 9515 4067 6270 8791 8090 4697 3363 3295 5970 5214 1929 2743 7063 1122 2136 2873 2012 3657 8705 3609 1622 6631 843 4788 9285 2110 9430 978 5145 8351 9913 9184 5407 1322 1967 6488 1642 1702 1688 5277 309 4583 8632 185 9246 2359 601 8371 4015 495 82 2485 3883 964 8472 9100 3558 5831 1254 3346 7838 4393 2837 4087 7197 8743 5218 1321 9270 4394 976 933 2476 9300 5980 3442 9906 219 5891 282 3935 3618 6218 7163 3338 1691 3537 6447 1139 7717 6546 1728 1285 1675 727 8908 9519 6996 3647 7105 1634 705 6128 6542 8475 1909 4798 7722 5641 1165 8745 5957 1722 5323 3310 4643 4657 3731 9357 2627 5641 5734 9620 6321 9167 4767 6518 490 1993 3590 5106 4238 7672 8287 2112 9856 9826 5637 9598 9792 147 8245 5323 6509 7907 325 9181 5599 8350 1425 6400 9782 5615 1528 7726 7226 2784 2533 6555 1862 2930 8983 9664 7677 4931 3794 7226 7563 100 3308 6392 3485 1738 8469 6141 8556 7440 4360 6605 294 1608 7357 8241 825 8523 2067 1856 3756 3096 2976 5422 796 6858 508 9521 2094 1513 4101 3093 2216 3883 3650 6222 3889 7948 9392 4007 5589 6882 2537 533 3401 4461 5466 2597 2435 5962 7298 7909 1268 11 6844 3667 1401 2441 2099 370 3814 7546 3546 1374 2051 4911 9358 2658 1537 2467 7648 5816 1809 8744 691 4350 2178 8760 2234 5023 6681 8850 3874 5487 2096 5889 1844 6305 376 3466 2462 6113 9482 4908 2211 5338 5001 6906 538 8163 1486 7103 7171 592 8324 6622 8122 3768 571 4125 2055 6017 7971 5550 38 2284 3300 3304 1527 8999 1634 5033 6654 2810 1630 8236 8974 8337 9821 5384 7892 7660 7010 9628 3900 3649 8254 8008 6831 9182 5979 400 1174 3060 2959 2210 4518 3866 5574 3297 3469 4852 5162 1445 6321 2918 7612 9660 6253 7852 611 3898 2636 873 43 5619 9448 1521 6090 492 6021 3172 3020 6618 8748 4014 4925 9425 9570 1531 4076 9716 8247 5685 4688 4426 6783 8282 4114 6927 9455 4042 101 1067 202 9072 5821 5792 757 0 8351 2345 6306 9981 2052 502 6244 4019 6416 8871 5417 6069 7862 1799 8783 3486 1072 165 5398 2572 5743 4106 4141 2688 7496 4836 5922 473 8084 1353 2094 1625 1243 189 8316 4357 2603 2357 1957 6914 8452 3551 839 761 4843 643 510 7225 2328 3748 9262 3362 8107 144 2463 112 6303 2374 7389 1754 5034 2278 4389 2210 8917 2947 3964 1453 6261 4642 2651 9975 3005 6952 6554 9907 5806 79 1906 6736 6410 7512 9682 6344 3555 8836 7279 4698 1431 1596 29 9069 2120 7361 2190 6025 6987 8546 6167 8061 8992 7241 8682 2062 7548 467 4943 8040 7771 6781 6478 9683 7040 3994 2172 2826 6970 9910 4300 8925 3367 8624 8168 2801 4682 6572 1809 7443 7479 6978 2942 1862 4396 5589 235 4508 1595 1220 4616 9541 559 3608 7584 9030 3131 9625 96 5381 9885 196 3939 1591 639 4292 2808 702 4173 6450 761 2785 9142 9293 8196 7653 266 4756 4165 2297 4264 195 4707 2698 3411 5225 2521 6122 6597 7061 2265 3637 6162 441 2709 2266 8429 8630 9004 7763 229 3141 4939 3015 5307 3607 3925 1933 8669 8130 1666 6381 903 8731 8646 6210 8255 1229 7652 6541 626 9118 9457 323 5566 7856 6008 5388 633 8666 8019 2746 1694 2658 2944 8112 3496 9406 1460 9194 7997 5367 5779 7451 4577 1728 4160 6619 6967 3770 2158 830 8391 739 6923 2430 480 9212 4276 7205 437 5308 302 2859 1575 748 4054 4025 623 8594 8738 8557 2013 2912 7633 4880 7471 2747 9393 6281 641 3768 4330 3868 6511 9741 5329 5176 5791 6556 9486 5 6111 7081 8998 3703 7199 8676 4976 4309 7685 3618 5876 7865 5646 795 1294 3662 390 4640 6119 9907 2205 2882 955 959 7861 3949 1882 8592 6458 3104 6989 4447 9579 4034 3314 3648 767 1854 6001 6788 7172 5318 352 9256 8039 6692 8461 6470 6719 528 5108 6660 3989 7985 9420 116 9248 3909 4045 8604 7267 6829 9052 676 3349 1566 2728 556 9594 7185 6438 8755 7657 5659 1303 1613 4996 6329 2821 6543 9732 6336 9407 9973 224 6771 6807 8423 1271 4641 7468 8322 9982 706 9499 1060 1305 8190 9943 3944 5739 2596 9215 5416 1867 4605 6761 3442 666 5849 7505 535 2126 3050 1390 4111 787 8363 4468 9069 2126 1670 9382 5952 4607 4230 1418 8659 404 9484 4775 8016 6959 6228 9786 8253 8605 8717 254 8701 9062 9071 3754 9930 4293 7348 2510 381 2197 474 816 4000 3621 9227 7030 1581 8528 2489 6 1084 1199 3749 3366 2512 8869 2453 249 7511 7361 5983 6800 5773 3542 8206 4226 2692 3468 9668 8087 1481 3306 5212 2789 3054 9671 2014 4899 2732 2911 6408 9787 6152 6100 8394 1589 1352 4742 8825 1794 9130 652 587 2025 3117 943 3034 3015 3630 1296 4911 2119 3948 9238 8934 1666 8218 4361 1404 2752 8459 781 5457 2196 88 5397 9002 7166 5946 7930 6156 9320 518 2917 7285 2669 814 15 9309 2128 1160 2565 2888 6238 2853 8869 9348 753 311 4749 6328 1061 8040 9502 4510 5849 2974 3232 6993 1605 4121 9311 4943 7113 6654 3535 4135 3040 4758 1364 7913 6635 32 3608 9026 2388 12 2056 3612 4796 4233 7364 1928 8967 5672 1528 3268 6410 2994 9648 7000 107 3991 7970 8154 5491 769 5778 5275 2396 7300 3189 6244 5670 7994 9278 7970 8979 7752 4897 5528 3589 6786 3344 653 2441 7305 8351 5140 7547 2469 134 3242 1732 493 6746 2268 1969 205 813 9220 2477 5938 5731 8607 4170 4289 7549 908 6158 5847 8225 2779 980 168 7631 5526 6277 272 7291 5623 2147 8439 4582 3933 9304 1841 9827 2245 3747 5114 4448 9863 8039 3967 8406 4991 1238 3192 1211 2473 9730 1235 1507 9085 3484 9199 3946 2117 9682 6106 7458 4350 7807 5458 5093 2770 203 7316 1832 4071 1661 8317 8885 4501 2995 7697 6947 4047 4185 5128 5515 55 5015 7871 8650 6184 5040 7181 6403 1546 1867 7719 3507 3392 5133 4307 5448 659 1106 1706 1772 933 2949 2456 1033 3236 1441 353 3230 5131 8134 1481 275 3673 1262 2169 773 7578 2171 8942 7112 3726 9269 9328 5658 9688 8637 1356 2254 710 8101 117 5490 3206 9124 2766 2171 527 4652 245 4957 2727 3141 1166 5383 6588 1483 8910 1460 1236 1296 5038 8388 4769 2426 1159 3992 2763 5073 5582 8778 6060 1311 5408 9503 8240 1663 2110 8901 9559 5391 1646 7184 4223 8245 6124 4944 7186 8293 1627 7530 2249 408 6467 9829 996 2476 7580 415 5912 737 8709 8529 8339 9810 2412 4676 9794 8324 6472 427 8758 4371 1792 5028 1253 9560 1395 816 7632 9585 6782 7003 3573 8883 5462 8844 6591 1620 4534 26 9185 7849 5023 7007 6095 146 625 957 7207 5324 7547 5941 6161 3818 8312 6790 7899 4595 9215 2445 7606 1193 6146 5029 6848 5912 1173 8658 1961 4735 5699 5425 636 115 4702 6902 6276 6055 241 7998 1386 3667 4079 1642 6716 905 801 2695 2611 9578 9462 1371 5994 179 3510 7366 989 8841 7657 5047 5855 5157 8769 4993 2867 1161 7121 3849 6236 459 6485 9862 5868 9893 4392 8281 9787 6197 2391 4550 2948 9726 461 5216 3123 8479 6539 8039 6771 353 8280 920 4641 2941 4223 1081 3876 4425 3878 6807 2594 4180 9528 1513 44 2310 4873 3383 1644 2568 832 6384 3148 778 9031 2744 2086 2599 6445 7188 3388 1092 7695 2867 4548 4103 8883 9368 3343 9276 8609 3526 2955 8995 2017 6293 7193 32 4024 3511 5974 9884 3254 2602 5775 1049 5418 1731 7775 3817 5599 942 8724 3532 9203 4168 9953 4621 5718 369 5040 9428 65 566 7841 3566 1409 8992 5657 8004 2639 2108 7062 2428 5724 6973 6440 9024 7496 5583 6549 8553 3020 921 8499 6499 7614 7457 311 3833 4827 5804 9659 1561 6544 5156 8537 5446 8064 6314 8720 6532 5978 8447 8548 2001 104 3295 6215 5675 4876 2745 9733 7560 6508 447 7739 2380 3303 680 6294 1768 4777 893 5994 4559 9168 8241 5427 2647 9184 7364 7686 3549 1499 7790 9741 5082 4650 2070 7035 2664 4607 379 9347 4462 7157 7108 6510 6159 8723 1603 6271 1486 5580 6216 9743 2277 1878 5735 4592 8220 3895 8041 887 2342 7733 9727 6610 7242 5833 4519 8853 4747 2922 4596 7708 6920 3925 3060 112 8946 5237 5639 9568 9683 8183 7127 4607 9825 2935 6500 6201 6121 2174 4025 2452 6817 2079 6631 8235 5832 5159 1623 3839 8464 7520 7000 5270 3800 3264 2254 5516 3710 1120 8723 3208 15 951 6011 3141 4705 8949 8628 9233 7227 4136 9101 1847 4691 4883 1817 7716 5746 9067 3315 1000 7949 8583 8124 6865 6753 1246 6767 4411 7012 7698 1939 2540 2720 4025 2654 9738 6257 9455 6254 8883 1354 3263 3509 5793 6058 4366 6195 423 7514 6250 8810 7684 8378 3842 3882 5867 6256 4327 4632 8212 4007 9961 9705 7154 4261 638 856 5410 9915 4755 3080 7778 6258 4697 1789 7650 72 464 7929 5879 7787 6113 4898 5650 1473 4130 439 5186 7726 5545 9813 8859 6988 2289 9096 5853 5468 1834 2606 8142 3067 3285 3348 3006 9820 6680 9843 2196 950 9661 5217 9783 9096 9087 7280 6245 6741 8665 8483 5951 7549 9439 6250 7866 1977 4044 3673 3520 5444 1558 5463 1277 2165 2865 4998 6642 8163 7947 8257 5110 1980 1741 9131 6929 773 2114 6466 6137 1026 7172 2546 3922 8366 7621 8080 8031 5462 9821 4271 5192 3255 704 4412 9909 5865 4705 484 2284 6545 3721 3988 1871 5703 7630 3954 5852 1756 2042 867 4425 936 8127 4134 2076 1675 7784 7262 3447 5661 7659 6580 4433 9600 8675 447 7409 518 5608 4229 5697 4569 820 3559 4851 7676 2331 4212 1757 5766 7385 5972 9899 304 370 5639 6902 2580 2639 6907 7292 6772 3555 5958 5853 8415 8018 6179 2567 2847 278 7834 4146 861 3709 8270 6596 84 8715 6821 765 3578 6358 5054 8790 5335 913 6126 360 176 6600 2933 2844 856 3137 3725 3349 5115 1944 3356 8339 5003 5797 4337 9444 9452 4748 9753 4985 3580 4863 220 6249 8765 131 8430 7601 9137 1274 1362 5908 279 8550 8435 3104 2090 8890 4285 1653 7558 8547 9542 7502 9296 3673 4860 4525 1329 8541 1119 8479 5221 5125 1095 7294 3812 2713 3970 1758 3187 754 822 9225 2214 7165 6604 2389 1072 5922 8366 6909 8358 80 927 6435 4994 9635 1870 4516 1254 2874 3239 4176 3695 6761 8004 6940 2599 1150 8481 3317 8515 9121 3098 476 385 8419 304 409 8928 7052 2018 533 7756 4124 5989 3022 5599 7715 9453 1758 7311 1347 3323 8222 6866 7831 3041 8502 5467 6654 9471 6928 7420 5296 9257 9673 8849 3926 1250 3079 6081 8586 5054 5593 4383 5574 2668 947 962 5113 7353 8954 909 3571 206 6745 397 1918 5475 9668 4770 2327 469 5760 7194 7597 1871 7950 9510 2074 7723 4993 3265 5302 7842 9204 3316 1268 8438 9618 3445 1317 9940 5946 4293 3018 2023 2915 6386 2710 7239 1701 2137 1671 8511 3013 9017 1255 1846 8010 2146 6720 7452 9916 3510 3036 249 210 2546 7498 9509 3468 7578 3205 7506 8313 7127 4997 7076 1386 7385 240 2520 1280 5804 8857 3628 3160 8076 3948 6967 8131 8527 7253 4124 1326 4652 9803 4831 1764 6446 8012 4284 4582 1657 3623 4392 2070 3939 8966 9946 3498 4041 9905 2943 936 8871 7972 6301 2685 5861 7631 7217 6030 326 1871 288 8785 8428 2375 2269 7743 7427 3616 4402 3132 9025 2620 1075 9841 7980 5262 6343 772 7009 5184 1498 9164 7401 9684 8487 6714 9233 9009 3497 8749 7835 5751 6042 8310 1916 2772 2795 8495 9595 3495 2585 4208 7544 5887 4110 2409 333 6062 8002 9489 7926 3267 8273 9566 9027 9541 4627 8965 9028 4477 3637 9099 612 5732 5386 7034 3873 383 5571 2128 8766 1994 5162 3555 8468 7820 6922 1302 1986 4213 56 7578 6990 8114 3298 2417 3566 7188 9007 9960 1298 608 4079 5922 4542 6143 906 9857 3460 3618 9754 614 3288 4703 4634 6208 1152 7529 6812 2574 7031 2056 7960 1912 6653 8880 2813 7274 4932 1992 5776 4674 9849 9823 8280 4838 3154 8337 8569 6134 9483 3115 5083 7926 4346 2489 5793 1753 4381 7611 3669 4354 4712 789 6850 1613 7449 7591 2575 125 8831 6762 4854 3958 9573 8441 5888 6596 8411 4521 2182 8254 4224 8452 5876 3587 6635 7618 5223 3689 6200 9122 8258 6339 6043 3470 1468 5441 5831 4228 2849 1835 435 9471 8873 6442 2423 6524 7603 9367 8542 8361 884 7468 4543 6522 9548 3973 6843 5016 3493 3668 2563 5163 6523 2532 8129 3821 3634 6071 7394 8773 6060 5575 822 1985 7197 723 9565 9968 7229 1566 6257 1084 9069 745 8047 1661 6541 2237 1190 3785 4093 2216 9119 6691 4896 4513 3014 7394 6173 4485 1524 1978 9138 1745 2370 6378 4549 6492 1066 4798 4633 6192 9320 7125 4807 9075 7084 3614 2187 1007 1086 9529 7461 131 3499 2012 569 5084 1814 1907 380 1976 7131 3961 373 8638 3768 8391 7726 9647 2002 9731 9072 8588 9676 5625 4473 8911 3473 1526 601 854 2987 118 1363 3397 4754 4837 2542 8590 1407 8881 678 8840 1264 7221 4400 8345 2960 9999 3499 8014 465 7935 2774 9378 6673 5655 146 3823 1362 3717 231 2733 4413 9255 7710 7640 1607 5847 3284 4711 4249 5318 5617 866 4474 2673 9754 358 8299 5061 5571 6844 9052 1830 6227 8159 8107 1400 2284 6820 6263 7997 1541 7704 1069 4752 87 2834 3967 7043 6165 5123 1659 3847 9934 1610 3894 6421 3540 1511 7599 5913 4034 6376 1913 8534 8371 177 1062 9572 3426 9592 1151 2935 5441 717 3862 7359 7797 9842 1204 5224 9767 640 3668 4627 3664 8072 6977 8870 7964 1644 6923 2175 7932 5823 9584 2869 8584 6623 1935 5652 8533 4972 597 7933 7111 6223 4987 7937 259 428 791 2339 6075 8904 6561 9814 6442 7554 5969 1498 9409 582 9895 2006 2576 3528 2008 2759 3543 4229 7093 6609 991 9063 4343 5376 5472 4937 2953 9212 584 9640 8611 8360 8528 6485 6066 5806 3832 7805 7504 1995 1158 3084 5973 256 4361 8468 8366 2381 7212 4457 1292 152 1423 4151 389 6408 755 111 597 5342 3058 9444 3498 9556 3770 3797 1932 4728 45 6855 7678 6858 8035 854 1672 1278 2183 9961 9710 6328 4673 9477 4500 7322 9420 856 1690 6365 1176 1257 2084 1193 534 3880 685 1213 7839 5108 6173 5408 8752 8799 1134 7087 3563 2846 8625 3996 9921 4827 1776 1455 7381 3917 6559 3191 7216 9919 791 9330 6259 3308 3793 265 1069 4492 9041 8369 7610 3543 2069 9642 3560 8698 8289 4079 7051 8409 4463 8861 251 9983 874 6991 3847 8440 4038 7550 8938 5767 1543 4857 8823 2264 7103 1140 2786 3462 9285 7847 191 7005 7223 651 8599 5470 5916 3194 6500 8222 2079 6241 9065 6629 4989 9370 7206 5331 3608 9001 1255 893 3425 1012 9464 5188 8220 1912 6000 2897 7519 8452 5505 1382 3716 1525 6096 8074 6556 4100 2193 1008 930 6783 8135 8363 5291 6523 3529 8523 8521 6798 3049 5650 7016 1720 9224 5732 6802 1161 9745 5111 3630 5625 9 8162 9989 2050 7754 5819 8876 7411 846 5478 9591 8546 6635 608 7501 7619 3143 878 1848 2120 2173 4325 5327 9940 4430 1718 8966 4314 6872 1730 9775 1238 715 9685 4893 1008 1742 7291 2678 9306 9594 1598 6794 4554 8078 9378 8518 4639 6991 1120 6417 3039 4931 7722 5222 6548 1215 2637 51 463 2641 1232 6640 9168 7039 1922 6317 8562 6341 1 9680 6319 1222 7018 9344 2008 9420 8828 1981 5082 2964 7297 5301 3956 4462 4218 3191 1440 3401 6617 6158 5154 5270 2289 4697 7839 3970 5519 9161 7598 9609 9809 3302 8560 1040 8601 2804 8059 3286 3878 1228 8509 1695 3406 7957 569 3115 6753 8112 859 7852 9406 1952 6297 8942 9822 9709 3750 476 6354 1404 1906 1190 8566 9047 1167 337 9531 3232 8098 6457 6233 1615 4198 4022 744 1454 250 3539 3868 3014 3946 2506 237 5588 1424 9777 3197 770 2958 5465 7972 6373 6315 6402 3656 3164 6947 5699 4009 2777 6604 7396 3809 2609 506 9647 9372 8902 2760 4069 6917 5142 1292 4066 4121 9189 3380 3763 1475 6051 1387 7300 9398 427 2222 6409 7195 5948 9125 1126 9442 9614 555 3796 974 2523 898 6477 3704 3808 9684 7086 1692 9449 5449 9615 6096 6446 5877 3298 8747 1155 8374 487 1714 7503 7105 8670 7709 9579 7705 6265 4837 9785 6265 8602 6274 9238 3420 4703 9270 4872 134 4566 9566 3875 2853 1307 1079 6218 8512 1058 2940 8806 591 154 4567 9582 598 7761 8892 4341 3514 4120 3063 3833 6286 2700 9323 2156 8719 816 6460 3782 2861 6882 185 1446 228 5975 9941 186 4465 2601 2028 2655 3134 1462 8556 6309 5435 1758 7872 2600 6502 1503 8473 5228 4152 565 5972 1439 3661 9509 1608 2881 86 1011 8604 7752 2976 4178 6784 9788 2001 3938 1120 8442 9535 8912 4146 8418 4073 9844 1787 5454 9167 8559 9045 9325 8647 489 3384 6781 2219 2538 2865 48 4208 45 9052 2035 1259 4599 3699 9619 7096 4703 1498 4231 1896 2487 7831 2962 391 1815 2112 9128 9226 7036 6420 3507 476 5045 8224 7216 5831 2748 6861 1394 5744 7155 9580 1131 5135 3935 5564 1718 8484 1235 7440 1705 3007 6442 2576 6080 1004 4404 8588 4428 1352 7379 4411 738 9932 3764 8808 8300 9201 6262 2684 9903 5426 6861 5396 1507 5564 1 2318 7855 5920 1909 9608 298 9575 9135 1957 7672 2850 5469 8509 3613 904 3532 3096 67 8321 8398 1791 5664 8258 7939 3340 1277 5409 173 9643 6513 2580 899 9419 2810 6290 5634 9948 53 1781 7185 4498 4838 2093 8859 2007 6602 8720 3646 6747 2723 7908 5779 9728 6325 7891 8119 1313 4101 4838 8097 7377 8257 8994 901 3695 688 2431 7561 2355 6725 2798 6917 7847 9305 1914 4101 1064 5987 6604 9929 8017 2443 7045 6015 8141 7013 7886 4362 8128 1384 7351 7719 4394 5897 4329 8108 283 682 6342 429 4351 5376 5519 7958 2092 3353 6688 5317 3920 2185 1703 3681 7243 1614 5012 5679 6275 2354 2695 2441 3064 1770 9270 7669 5859 8273 763 47 4786 9669 3243 8442 5917 1759 9280 6090 4337 3005 3690 3799 7674 7935 9669 4883 3441 917 9252 8591 4263 4408 5808 4819 5540 5890 5935 6681 8745 7897 2527 8399 5367 2755 7336 5329 9282 3944 6621 2612 7883 106 592 8740 3890 3755 2188 2677 5370 8910 7663 6623 3263 572 9294 8002 270 1762 5725 7550 508 8461 2635 6848 2617 2780 3570 6551 5609 3621 2487 1654 9938 1807 8733 8348 8189 3812 7508 6820 2929 9041 4815 3123 1162 3490 8216 6545 4166 4081 375 8335 608 9318 5758 1030 4127 2353 8220 3427 2258 7501 2058 2597 7461 4428 4729 8926 4248 134 7747 2358 3076 6501 2294 8687 4830 9015 8522 1738 2332 5770 7104 7743 1374 9677 8461 7457 3814 4390 6982 4596 9325 4646 1226 7314 6432 6911 3004 1561 4190 794 8389 1868 5560 261 6184 9200 466 4284 5083 423 8871 4154 8055 6952 1702 6577 771 6538 1580 6612 467 4546 7298 5325 9663 7219 8198 4615 9277 1139 7270 4313 7258 3478 8877 6277 9597 8884 3046 6222 6845 3414 9313 6038 3248 6323 5090 5192 4934 1101 1233 1264 8524 3817 3756 8620 9598 4735 4103 5965 7386 834 4652 9762 8542 674 2455 6955 2925 7224 9755 7352 615 2066 5526 4532 4842 2461 583 5997 8562 279 647 7441 5345 6988 6049 7986 2994 5689 3844 4714 4033 3591 6262 4275 8421 5385 9125 5308 8362 3244 1762 7961 2263 655 328 9563 2959 1700 2965 6390 7990 2612 8061 6935 1178 2469 4230 7331 9833 7153 4633 3751 4583 5977 6722 8447 9988 4583 2258 9551 1293 5348 8381 6053 6450 7695 9629 437 955 7932 9698 5626 2794 1229 1050 4657 2520 6595 5330 378 7010 6961 5232 1374 4244 7973 4091 6703 896 4637 9211 2091 8192 5030 9828 983 2620 9573 8414 9068 9836 5426 7932 9808 5624 1370 3383 4526 2624 5974 4008 9586 6220 2964 2242 2947 819 9409 6294 4733 933 8945 9997 3437 7042 9267 9580 8725 7264 7995 1189 9669 5044 4609 3924 5181 1848 6015 6164 7536 2365 4823 6398 3556 7771 4822 4005 8642 596 392 6179 646 3784 454 6855 650 8118 8384 5108 6150 6393 3452 4170 5662 7868 847 9856 8537 266 4490 5306 7085 5235 7004 4422 429 7693 5583 1985 8546 3126 1556 5012 8026 8937 8580 1501 7559 7827 2553 9777 3735 5645 6294 3540 1649 3973 2637 2543 4868 5064 7413 4491 9042 3832 1710 7755 529 4467 7172 6789 3164 9991 6703 2328 2317 6459 846 2038 4382 8163 437 1417 131 1045 5124 777 2914 593 1735 5181 4605 5853 7685 9316 6170 2730 9604 8696 9118 9579 1124 67 9279 2613 7144 1270 2127 5689 2583 4078 3699 591 1450 2720 1611 1581 2048 3069 174 7457 7411 4798 2851 2588 8711 6354 8209 9020 430 7994 1047 5376 4371 8595 1330 1666 8048 9242 3197 2165 2031 2200 7067 488 9442 4119 7934 247 5716 8477 4737 5825 8953 2504 4468 3888 1929 4155 414 2551 1199 2106 5082 7546 9888 9746 1854 9676 4709 4856 1535 5170 5687 2152 2475 3523 5269 4860 357 992 7380 2049 1594 9909 4930 2684 6022 4954 8920 4335 8506 3888 8663 6373 8733 7064 3355 1047 635 1968 4953 2811 1063 3085 9546 5369 3634 500 8694 5549 2301 5721 4368 9426 5050 7393 5025 5198 5784 3580 3420 3015 5713 781 5471 603 6552 6933 1402 6155 3967 6724 6699 1118 4167 6799 3779 8958 7042 9410 2858 3988 9342 3082 1292 8328 9144 2714 4655 3071 3125 8766 8419 2316 8485 9914 2325 6095 5030 7059 3875 6594 796 1602 8040 8791 365 7571 6613 8724 4796 6344 5355 8234 1316 4521 2628 6476 9384 4458 8966 9318 7019 5927 4280 2366 4848 6447 8993 52 829 440 21 2921 1806 2944 6817 3820 3701 9165 5861 7908 1605 5602 9018 4860 9656 4542 1763 8240 3629 157 935 7256 5793 8922 5478 2039 6843 690 5594 4604 1673 1375 5264 7561 4384 3904 5606 3929 5520 2644 2556 8475 700 4682 2078 3117 7926 8880 3410 6536 5381 4773 7630 873 3186 2116 7068 8623 2199 1022 2046 134 9130 6163 5997 8724 7905 9605 1229 3588 6884 4506 6094 8902 9332 896 9530 9339 7161 1419 3524 1382 5305 2352 693 1122 6131 3002 6728 5657 9973 7310 9781 9257 4742 2472 8546 8587 8545 4427 4674 8788 9060 9073 4921 8879 4279 9778 9360 3829 1583 8603 2008 2228 1403 3429 6259 2799 7322 8562 7545 1209 9794 8105 1634 243 8677 1271 6158 9988 1909 6159 8658 9599 8599 2973 3675 5604 7226 1441 1672 8376 2420 9115 5602 7485 9513 1590 2128 7014 3652 451 6057 9463 73 8483 6767 9562 7819 4320 9213 4934 8806 3215 8533 5482 3931 3020 8643 1297 3903 5565 6702 3820 2589 6112 7563 8103 4827 8782 3675 5167 2307 3280 565 5352 2135 7694 5063 956 9189 3709 4668 3972 7780 7553 2970 7569 5910 4987 3837 2654 6742 8412 9 6905 4686 4085 3672 4187 3377 1240
