1
1000 999
1 2 60 60 
2 3 60 60 
3 4 60 60 
4 5 60 60 
5 6 60 60 
6 7 60 60 
7 8 60 60 
8 9 60 60 
9 10 60 60 
10 11 60 60 
11 12 60 60 
12 13 60 60 
13 14 60 60 
14 15 60 60 
15 16 60 60 
16 17 60 60 
17 18 60 60 
18 19 60 60 
19 20 60 60 
20 21 60 60 
21 22 60 60 
22 23 60 60 
23 24 60 60 
24 25 60 60 
25 26 60 60 
26 27 60 60 
27 28 60 60 
28 29 60 60 
29 30 60 60 
30 31 60 60 
31 32 60 60 
32 33 60 60 
33 34 60 60 
34 35 60 60 
35 36 60 60 
36 37 60 60 
37 38 60 60 
38 39 60 60 
39 40 60 60 
40 41 60 60 
41 42 60 60 
42 43 60 60 
43 44 60 60 
44 45 60 60 
45 46 60 60 
46 47 60 60 
47 48 60 60 
48 49 60 60 
49 50 60 60 
50 51 60 60 
51 52 60 60 
52 53 60 60 
53 54 60 60 
54 55 60 60 
55 56 60 60 
56 57 60 60 
57 58 60 60 
58 59 60 60 
59 60 60 60 
60 61 60 60 
61 62 60 60 
62 63 60 60 
63 64 60 60 
64 65 60 60 
65 66 60 60 
66 67 60 60 
67 68 60 60 
68 69 60 60 
69 70 60 60 
70 71 60 60 
71 72 60 60 
72 73 60 60 
73 74 60 60 
74 75 60 60 
75 76 60 60 
76 77 60 60 
77 78 60 60 
78 79 60 60 
79 80 60 60 
80 81 60 60 
81 82 60 60 
82 83 60 60 
83 84 60 60 
84 85 60 60 
85 86 60 60 
86 87 60 60 
87 88 60 60 
88 89 60 60 
89 90 60 60 
90 91 60 60 
91 92 60 60 
92 93 60 60 
93 94 60 60 
94 95 60 60 
95 96 60 60 
96 97 60 60 
97 98 60 60 
98 99 60 60 
99 100 60 60 
100 101 60 60 
101 102 60 60 
102 103 60 60 
103 104 60 60 
104 105 60 60 
105 106 60 60 
106 107 60 60 
107 108 60 60 
108 109 60 60 
109 110 60 60 
110 111 60 60 
111 112 60 60 
112 113 60 60 
113 114 60 60 
114 115 60 60 
115 116 60 60 
116 117 60 60 
117 118 60 60 
118 119 60 60 
119 120 60 60 
120 121 60 60 
121 122 60 60 
122 123 60 60 
123 124 60 60 
124 125 60 60 
125 126 60 60 
126 127 60 60 
127 128 60 60 
128 129 60 60 
129 130 60 60 
130 131 60 60 
131 132 60 60 
132 133 60 60 
133 134 60 60 
134 135 60 60 
135 136 60 60 
136 137 60 60 
137 138 60 60 
138 139 60 60 
139 140 60 60 
140 141 60 60 
141 142 60 60 
142 143 60 60 
143 144 60 60 
144 145 60 60 
145 146 60 60 
146 147 60 60 
147 148 60 60 
148 149 60 60 
149 150 60 60 
150 151 60 60 
151 152 60 60 
152 153 60 60 
153 154 60 60 
154 155 60 60 
155 156 60 60 
156 157 60 60 
157 158 60 60 
158 159 60 60 
159 160 60 60 
160 161 60 60 
161 162 60 60 
162 163 60 60 
163 164 60 60 
164 165 60 60 
165 166 60 60 
166 167 60 60 
167 168 60 60 
168 169 60 60 
169 170 60 60 
170 171 60 60 
171 172 60 60 
172 173 60 60 
173 174 60 60 
174 175 60 60 
175 176 60 60 
176 177 60 60 
177 178 60 60 
178 179 60 60 
179 180 60 60 
180 181 60 60 
181 182 60 60 
182 183 60 60 
183 184 60 60 
184 185 60 60 
185 186 60 60 
186 187 60 60 
187 188 60 60 
188 189 60 60 
189 190 60 60 
190 191 60 60 
191 192 60 60 
192 193 60 60 
193 194 60 60 
194 195 60 60 
195 196 60 60 
196 197 60 60 
197 198 60 60 
198 199 60 60 
199 200 60 60 
200 201 60 60 
201 202 60 60 
202 203 60 60 
203 204 60 60 
204 205 60 60 
205 206 60 60 
206 207 60 60 
207 208 60 60 
208 209 60 60 
209 210 60 60 
210 211 60 60 
211 212 60 60 
212 213 60 60 
213 214 60 60 
214 215 60 60 
215 216 60 60 
216 217 60 60 
217 218 60 60 
218 219 60 60 
219 220 60 60 
220 221 60 60 
221 222 60 60 
222 223 60 60 
223 224 60 60 
224 225 60 60 
225 226 60 60 
226 227 60 60 
227 228 60 60 
228 229 60 60 
229 230 60 60 
230 231 60 60 
231 232 60 60 
232 233 60 60 
233 234 60 60 
234 235 60 60 
235 236 60 60 
236 237 60 60 
237 238 60 60 
238 239 60 60 
239 240 60 60 
240 241 60 60 
241 242 60 60 
242 243 60 60 
243 244 60 60 
244 245 60 60 
245 246 60 60 
246 247 60 60 
247 248 60 60 
248 249 60 60 
249 250 60 60 
250 251 60 60 
251 252 60 60 
252 253 60 60 
253 254 60 60 
254 255 60 60 
255 256 60 60 
256 257 60 60 
257 258 60 60 
258 259 60 60 
259 260 60 60 
260 261 60 60 
261 262 60 60 
262 263 60 60 
263 264 60 60 
264 265 60 60 
265 266 60 60 
266 267 60 60 
267 268 60 60 
268 269 60 60 
269 270 60 60 
270 271 60 60 
271 272 60 60 
272 273 60 60 
273 274 60 60 
274 275 60 60 
275 276 60 60 
276 277 60 60 
277 278 60 60 
278 279 60 60 
279 280 60 60 
280 281 60 60 
281 282 60 60 
282 283 60 60 
283 284 60 60 
284 285 60 60 
285 286 60 60 
286 287 60 60 
287 288 60 60 
288 289 60 60 
289 290 60 60 
290 291 60 60 
291 292 60 60 
292 293 60 60 
293 294 60 60 
294 295 60 60 
295 296 60 60 
296 297 60 60 
297 298 60 60 
298 299 60 60 
299 300 60 60 
300 301 60 60 
301 302 60 60 
302 303 60 60 
303 304 60 60 
304 305 60 60 
305 306 60 60 
306 307 60 60 
307 308 60 60 
308 309 60 60 
309 310 60 60 
310 311 60 60 
311 312 60 60 
312 313 60 60 
313 314 60 60 
314 315 60 60 
315 316 60 60 
316 317 60 60 
317 318 60 60 
318 319 60 60 
319 320 60 60 
320 321 60 60 
321 322 60 60 
322 323 60 60 
323 324 60 60 
324 325 60 60 
325 326 60 60 
326 327 60 60 
327 328 60 60 
328 329 60 60 
329 330 60 60 
330 331 60 60 
331 332 60 60 
332 333 60 60 
333 334 60 60 
334 335 60 60 
335 336 60 60 
336 337 60 60 
337 338 60 60 
338 339 60 60 
339 340 60 60 
340 341 60 60 
341 342 60 60 
342 343 60 60 
343 344 60 60 
344 345 60 60 
345 346 60 60 
346 347 60 60 
347 348 60 60 
348 349 60 60 
349 350 60 60 
350 351 60 60 
351 352 60 60 
352 353 60 60 
353 354 60 60 
354 355 60 60 
355 356 60 60 
356 357 60 60 
357 358 60 60 
358 359 60 60 
359 360 60 60 
360 361 60 60 
361 362 60 60 
362 363 60 60 
363 364 60 60 
364 365 60 60 
365 366 60 60 
366 367 60 60 
367 368 60 60 
368 369 60 60 
369 370 60 60 
370 371 60 60 
371 372 60 60 
372 373 60 60 
373 374 60 60 
374 375 60 60 
375 376 60 60 
376 377 60 60 
377 378 60 60 
378 379 60 60 
379 380 60 60 
380 381 60 60 
381 382 60 60 
382 383 60 60 
383 384 60 60 
384 385 60 60 
385 386 60 60 
386 387 60 60 
387 388 60 60 
388 389 60 60 
389 390 60 60 
390 391 60 60 
391 392 60 60 
392 393 60 60 
393 394 60 60 
394 395 60 60 
395 396 60 60 
396 397 60 60 
397 398 60 60 
398 399 60 60 
399 400 60 60 
400 401 60 60 
401 402 60 60 
402 403 60 60 
403 404 60 60 
404 405 60 60 
405 406 60 60 
406 407 60 60 
407 408 60 60 
408 409 60 60 
409 410 60 60 
410 411 60 60 
411 412 60 60 
412 413 60 60 
413 414 60 60 
414 415 60 60 
415 416 60 60 
416 417 60 60 
417 418 60 60 
418 419 60 60 
419 420 60 60 
420 421 60 60 
421 422 60 60 
422 423 60 60 
423 424 60 60 
424 425 60 60 
425 426 60 60 
426 427 60 60 
427 428 60 60 
428 429 60 60 
429 430 60 60 
430 431 60 60 
431 432 60 60 
432 433 60 60 
433 434 60 60 
434 435 60 60 
435 436 60 60 
436 437 60 60 
437 438 60 60 
438 439 60 60 
439 440 60 60 
440 441 60 60 
441 442 60 60 
442 443 60 60 
443 444 60 60 
444 445 60 60 
445 446 60 60 
446 447 60 60 
447 448 60 60 
448 449 60 60 
449 450 60 60 
450 451 60 60 
451 452 60 60 
452 453 60 60 
453 454 60 60 
454 455 60 60 
455 456 60 60 
456 457 60 60 
457 458 60 60 
458 459 60 60 
459 460 60 60 
460 461 60 60 
461 462 60 60 
462 463 60 60 
463 464 60 60 
464 465 60 60 
465 466 60 60 
466 467 60 60 
467 468 60 60 
468 469 60 60 
469 470 60 60 
470 471 60 60 
471 472 60 60 
472 473 60 60 
473 474 60 60 
474 475 60 60 
475 476 60 60 
476 477 60 60 
477 478 60 60 
478 479 60 60 
479 480 60 60 
480 481 60 60 
481 482 60 60 
482 483 60 60 
483 484 60 60 
484 485 60 60 
485 486 60 60 
486 487 60 60 
487 488 60 60 
488 489 60 60 
489 490 60 60 
490 491 60 60 
491 492 60 60 
492 493 60 60 
493 494 60 60 
494 495 60 60 
495 496 60 60 
496 497 60 60 
497 498 60 60 
498 499 60 60 
499 500 60 60 
500 501 60 60 
501 502 60 60 
502 503 60 60 
503 504 60 60 
504 505 60 60 
505 506 60 60 
506 507 60 60 
507 508 60 60 
508 509 60 60 
509 510 60 60 
510 511 60 60 
511 512 60 60 
512 513 60 60 
513 514 60 60 
514 515 60 60 
515 516 60 60 
516 517 60 60 
517 518 60 60 
518 519 60 60 
519 520 60 60 
520 521 60 60 
521 522 60 60 
522 523 60 60 
523 524 60 60 
524 525 60 60 
525 526 60 60 
526 527 60 60 
527 528 60 60 
528 529 60 60 
529 530 60 60 
530 531 60 60 
531 532 60 60 
532 533 60 60 
533 534 60 60 
534 535 60 60 
535 536 60 60 
536 537 60 60 
537 538 60 60 
538 539 60 60 
539 540 60 60 
540 541 60 60 
541 542 60 60 
542 543 60 60 
543 544 60 60 
544 545 60 60 
545 546 60 60 
546 547 60 60 
547 548 60 60 
548 549 60 60 
549 550 60 60 
550 551 60 60 
551 552 60 60 
552 553 60 60 
553 554 60 60 
554 555 60 60 
555 556 60 60 
556 557 60 60 
557 558 60 60 
558 559 60 60 
559 560 60 60 
560 561 60 60 
561 562 60 60 
562 563 60 60 
563 564 60 60 
564 565 60 60 
565 566 60 60 
566 567 60 60 
567 568 60 60 
568 569 60 60 
569 570 60 60 
570 571 60 60 
571 572 60 60 
572 573 60 60 
573 574 60 60 
574 575 60 60 
575 576 60 60 
576 577 60 60 
577 578 60 60 
578 579 60 60 
579 580 60 60 
580 581 60 60 
581 582 60 60 
582 583 60 60 
583 584 60 60 
584 585 60 60 
585 586 60 60 
586 587 60 60 
587 588 60 60 
588 589 60 60 
589 590 60 60 
590 591 60 60 
591 592 60 60 
592 593 60 60 
593 594 60 60 
594 595 60 60 
595 596 60 60 
596 597 60 60 
597 598 60 60 
598 599 60 60 
599 600 60 60 
600 601 60 60 
601 602 60 60 
602 603 60 60 
603 604 60 60 
604 605 60 60 
605 606 60 60 
606 607 60 60 
607 608 60 60 
608 609 60 60 
609 610 60 60 
610 611 60 60 
611 612 60 60 
612 613 60 60 
613 614 60 60 
614 615 60 60 
615 616 60 60 
616 617 60 60 
617 618 60 60 
618 619 60 60 
619 620 60 60 
620 621 60 60 
621 622 60 60 
622 623 60 60 
623 624 60 60 
624 625 60 60 
625 626 60 60 
626 627 60 60 
627 628 60 60 
628 629 60 60 
629 630 60 60 
630 631 60 60 
631 632 60 60 
632 633 60 60 
633 634 60 60 
634 635 60 60 
635 636 60 60 
636 637 60 60 
637 638 60 60 
638 639 60 60 
639 640 60 60 
640 641 60 60 
641 642 60 60 
642 643 60 60 
643 644 60 60 
644 645 60 60 
645 646 60 60 
646 647 60 60 
647 648 60 60 
648 649 60 60 
649 650 60 60 
650 651 60 60 
651 652 60 60 
652 653 60 60 
653 654 60 60 
654 655 60 60 
655 656 60 60 
656 657 60 60 
657 658 60 60 
658 659 60 60 
659 660 60 60 
660 661 60 60 
661 662 60 60 
662 663 60 60 
663 664 60 60 
664 665 60 60 
665 666 60 60 
666 667 60 60 
667 668 60 60 
668 669 60 60 
669 670 60 60 
670 671 60 60 
671 672 60 60 
672 673 60 60 
673 674 60 60 
674 675 60 60 
675 676 60 60 
676 677 60 60 
677 678 60 60 
678 679 60 60 
679 680 60 60 
680 681 60 60 
681 682 60 60 
682 683 60 60 
683 684 60 60 
684 685 60 60 
685 686 60 60 
686 687 60 60 
687 688 60 60 
688 689 60 60 
689 690 60 60 
690 691 60 60 
691 692 60 60 
692 693 60 60 
693 694 60 60 
694 695 60 60 
695 696 60 60 
696 697 60 60 
697 698 60 60 
698 699 60 60 
699 700 60 60 
700 701 60 60 
701 702 60 60 
702 703 60 60 
703 704 60 60 
704 705 60 60 
705 706 60 60 
706 707 60 60 
707 708 60 60 
708 709 60 60 
709 710 60 60 
710 711 60 60 
711 712 60 60 
712 713 60 60 
713 714 60 60 
714 715 60 60 
715 716 60 60 
716 717 60 60 
717 718 60 60 
718 719 60 60 
719 720 60 60 
720 721 60 60 
721 722 60 60 
722 723 60 60 
723 724 60 60 
724 725 60 60 
725 726 60 60 
726 727 60 60 
727 728 60 60 
728 729 60 60 
729 730 60 60 
730 731 60 60 
731 732 60 60 
732 733 60 60 
733 734 60 60 
734 735 60 60 
735 736 60 60 
736 737 60 60 
737 738 60 60 
738 739 60 60 
739 740 60 60 
740 741 60 60 
741 742 60 60 
742 743 60 60 
743 744 60 60 
744 745 60 60 
745 746 60 60 
746 747 60 60 
747 748 60 60 
748 749 60 60 
749 750 60 60 
750 751 60 60 
751 752 60 60 
752 753 60 60 
753 754 60 60 
754 755 60 60 
755 756 60 60 
756 757 60 60 
757 758 60 60 
758 759 60 60 
759 760 60 60 
760 761 60 60 
761 762 60 60 
762 763 60 60 
763 764 60 60 
764 765 60 60 
765 766 60 60 
766 767 60 60 
767 768 60 60 
768 769 60 60 
769 770 60 60 
770 771 60 60 
771 772 60 60 
772 773 60 60 
773 774 60 60 
774 775 60 60 
775 776 60 60 
776 777 60 60 
777 778 60 60 
778 779 60 60 
779 780 60 60 
780 781 60 60 
781 782 60 60 
782 783 60 60 
783 784 60 60 
784 785 60 60 
785 786 60 60 
786 787 60 60 
787 788 60 60 
788 789 60 60 
789 790 60 60 
790 791 60 60 
791 792 60 60 
792 793 60 60 
793 794 60 60 
794 795 60 60 
795 796 60 60 
796 797 60 60 
797 798 60 60 
798 799 60 60 
799 800 60 60 
800 801 60 60 
801 802 60 60 
802 803 60 60 
803 804 60 60 
804 805 60 60 
805 806 60 60 
806 807 60 60 
807 808 60 60 
808 809 60 60 
809 810 60 60 
810 811 60 60 
811 812 60 60 
812 813 60 60 
813 814 60 60 
814 815 60 60 
815 816 60 60 
816 817 60 60 
817 818 60 60 
818 819 60 60 
819 820 60 60 
820 821 60 60 
821 822 60 60 
822 823 60 60 
823 824 60 60 
824 825 60 60 
825 826 60 60 
826 827 60 60 
827 828 60 60 
828 829 60 60 
829 830 60 60 
830 831 60 60 
831 832 60 60 
832 833 60 60 
833 834 60 60 
834 835 60 60 
835 836 60 60 
836 837 60 60 
837 838 60 60 
838 839 60 60 
839 840 60 60 
840 841 60 60 
841 842 60 60 
842 843 60 60 
843 844 60 60 
844 845 60 60 
845 846 60 60 
846 847 60 60 
847 848 60 60 
848 849 60 60 
849 850 60 60 
850 851 60 60 
851 852 60 60 
852 853 60 60 
853 854 60 60 
854 855 60 60 
855 856 60 60 
856 857 60 60 
857 858 60 60 
858 859 60 60 
859 860 60 60 
860 861 60 60 
861 862 60 60 
862 863 60 60 
863 864 60 60 
864 865 60 60 
865 866 60 60 
866 867 60 60 
867 868 60 60 
868 869 60 60 
869 870 60 60 
870 871 60 60 
871 872 60 60 
872 873 60 60 
873 874 60 60 
874 875 60 60 
875 876 60 60 
876 877 60 60 
877 878 60 60 
878 879 60 60 
879 880 60 60 
880 881 60 60 
881 882 60 60 
882 883 60 60 
883 884 60 60 
884 885 60 60 
885 886 60 60 
886 887 60 60 
887 888 60 60 
888 889 60 60 
889 890 60 60 
890 891 60 60 
891 892 60 60 
892 893 60 60 
893 894 60 60 
894 895 60 60 
895 896 60 60 
896 897 60 60 
897 898 60 60 
898 899 60 60 
899 900 60 60 
900 901 60 60 
901 902 60 60 
902 903 60 60 
903 904 60 60 
904 905 60 60 
905 906 60 60 
906 907 60 60 
907 908 60 60 
908 909 60 60 
909 910 60 60 
910 911 60 60 
911 912 60 60 
912 913 60 60 
913 914 60 60 
914 915 60 60 
915 916 60 60 
916 917 60 60 
917 918 60 60 
918 919 60 60 
919 920 60 60 
920 921 60 60 
921 922 60 60 
922 923 60 60 
923 924 60 60 
924 925 60 60 
925 926 60 60 
926 927 60 60 
927 928 60 60 
928 929 60 60 
929 930 60 60 
930 931 60 60 
931 932 60 60 
932 933 60 60 
933 934 60 60 
934 935 60 60 
935 936 60 60 
936 937 60 60 
937 938 60 60 
938 939 60 60 
939 940 60 60 
940 941 60 60 
941 942 60 60 
942 943 60 60 
943 944 60 60 
944 945 60 60 
945 946 60 60 
946 947 60 60 
947 948 60 60 
948 949 60 60 
949 950 60 60 
950 951 60 60 
951 952 60 60 
952 953 60 60 
953 954 60 60 
954 955 60 60 
955 956 60 60 
956 957 60 60 
957 958 60 60 
958 959 60 60 
959 960 60 60 
960 961 60 60 
961 962 60 60 
962 963 60 60 
963 964 60 60 
964 965 60 60 
965 966 60 60 
966 967 60 60 
967 968 60 60 
968 969 60 60 
969 970 60 60 
970 971 60 60 
971 972 60 60 
972 973 60 60 
973 974 60 60 
974 975 60 60 
975 976 60 60 
976 977 60 60 
977 978 60 60 
978 979 60 60 
979 980 60 60 
980 981 60 60 
981 982 60 60 
982 983 60 60 
983 984 60 60 
984 985 60 60 
985 986 60 60 
986 987 60 60 
987 988 60 60 
988 989 60 60 
989 990 60 60 
990 991 60 60 
991 992 60 60 
992 993 60 60 
993 994 60 60 
994 995 60 60 
995 996 60 60 
996 997 60 60 
997 998 60 60 
998 999 60 60 
999 1000 60 60 
1000 1001 60 60 
